Piece Value GA Results
26 37 27 22 35 21 36 32 39 38 30 31 25 6 29 28 34 17 24 20 12 11 23 14 33 16 19 15 18 2 8 7 13 1 4 9 0 5 3 10 

==================================================
Generation 0 Results
==================================================
   522    345     91    418    503
   319    440    345    423    137
   233    245    344    112    398
   428    308    156    353    352
   378    106     87    190    456
   381    354    293    330    233
   178    428    497    281    217
   480    274    474    165    495
   488    532    504    393    373
   414    315    276    200    413
   383    401    307    207    378
   313    192    380    156    532
   150    450    130    418    117
   192    437    447    312    149
   140    404    442    440     93
   224    338    427    335    290
   541     69    152    368    370
   411    319    532    487    485
   414    133    342    104    333
   526    208    442    316    524
   533    226    459    177    211
   141    428    329    428    483
   283    530    495    267    373
   158    302    344    344    112
   535    261    403    166    403
   237    400     64    325    505
   296    199    410    118    331
   352    431    523    194    133
   116    231    357     91    486
   156    162    445    277     81
   443    118    430    406    176
   111    109    466    289    364
   135    511    471    406     88
   298    271     52    208    373
   131    311     99    291    540
   441    242     97    244    320
   293    468    323     58     60
   310    151    356     89     79
    73    173    374    135    420
   423    194     78     63    225
==================================================
2020-08-01 00:59:13.122
The Next Generation:
==================================================
   313    195    373    156    542
   411    319    522    487    481
   352    431    523    194    133
   359    431    528    194    134
   224    351    427    351    290
   237    400     61    325    505
   352    431    523    203    133
   533    228    463    177    201
   224    338    444    335    290
   533    226    459    177    221
   526    202    459    316    524
   233    245    350    112    398
   441    242     97    244    320
   362    431    518    194    133
   428    308    156    353    338
   158    302    361    344    112
   349    439    523    199    127
   140    424    455    423     89
   192    437    455    297    149
   480    274    456    159    495
   319    440    342    423    137
   135    511    471    406     88
   237    388     64    322    505
   480    274    474    165    495
   197    437    447    321    149
   301    486    323     56     60
   526    208    464    322    524
   150    450    136    418    117
   512    532    484    393    359
   430    315    287    202    413
   283    530    495    267    373
   541     67    152    368    370
   541     69    152    368    370
   187    458    447    309    145
   424    251     97    244    320
   233    245    344    112    398
    71    167    374    137    404
   378    106     87    185    456
   414    133    339    104    333
   156    162    445    277     84
Current Champion (0):
   522    345     91    418    503
Average:
   334    322    364    265    292 
Longest Game: 304
==================================================

26 36 2 8 12 6 7 9 5 14 17 11 35 22 32 13 19 10 31 16 37 38 39 34 21 24 20 25 15 1 23 28 4 27 30 29 0 18 33 3 

==================================================
Generation 1 Results
==================================================
   480    274    456    159    495
   352    431    523    203    133
   352    431    523    194    133
   187    458    447    309    145
   158    302    361    344    112
   414    133    339    104    333
   313    195    373    156    542
   441    242     97    244    320
   237    400     61    325    505
   480    274    474    165    495
   319    440    342    423    137
   233    245    344    112    398
    71    167    374    137    404
   135    511    471    406     88
   224    338    444    335    290
   362    431    518    194    133
   428    308    156    353    338
   237    388     64    322    505
   283    530    495    267    373
   411    319    522    487    481
   359    431    528    194    134
   140    424    455    423     89
   378    106     87    185    456
   233    245    350    112    398
   349    439    523    199    127
   541     67    152    368    370
   541     69    152    368    370
   526    208    464    322    524
   150    450    136    418    117
   430    315    287    202    413
   192    437    455    297    149
   533    226    459    177    221
   197    437    447    321    149
   156    162    445    277     84
   512    532    484    393    359
   224    351    427    351    290
   533    228    463    177    201
   301    486    323     56     60
   424    251     97    244    320
   526    202    459    316    524
==================================================
2020-08-01 01:00:37.966
The Next Generation:
==================================================
   378    105     85    185    456
   414    133    339    106    346
   416    320    156    405    338
   512    542    484    390    359
   283    530    495    267    362
   480    284    474    162    495
    71    175    374    137    404
    73    167    374    138    404
   411    319    517    487    481
   322    440    355    423    137
   237    392     58    334    505
   325    198    373    156    542
   319    195    373    163    542
   156    428    136    426    117
   414    133    339    103    346
   406    127    339    104    342
   415    328    522    487    481
   182    458    447    309    149
   378    106     87    185    456
   463    242     97    244    320
   352    443    523    194    133
   158    302    361    344    114
   192    437    455    297    149
   441    242     97    232    332
   466    274    465    156    509
   424    251     97    244    320
   233    291    350    112    449
   480    264    474    165    495
   456    274    452    159    495
   480    274    456    159    495
   140    428    455    423     89
   152    302    361    344    115
   313    195    373    152    563
   557     69    152    368    370
   135    424    433    411     89
   433    242     97    280    320
   319    440    325    423    137
   411    322    579    487    457
   489    261    443    159    495
   156    161    449    264     84
Current Champion (1):
   480    274    456    159    495
Average:
   336    287    345    264    344 
Longest Game: 304
==================================================

26 12 36 6 16 17 38 2 32 30 14 39 4 10 21 11 0 1 15 13 8 19 33 9 31 20 34 24 27 25 23 29 37 5 35 18 22 28 7 3 

==================================================
Generation 2 Results
==================================================
   156    428    136    426    117
   456    274    452    159    495
   319    195    373    163    542
   406    127    339    104    342
   192    437    455    297    149
   352    443    523    194    133
    71    175    374    137    404
   411    319    517    487    481
   237    392     58    334    505
   158    302    361    344    114
   441    242     97    232    332
   313    195    373    152    563
   557     69    152    368    370
   325    198    373    156    542
   463    242     97    244    320
   424    251     97    244    320
   416    320    156    405    338
   283    530    495    267    362
   140    428    455    423     89
   378    105     85    185    456
    73    167    374    138    404
   182    458    447    309    149
   319    440    325    423    137
   480    284    474    162    495
   233    291    350    112    449
   152    302    361    344    115
   156    161    449    264     84
   480    264    474    165    495
   322    440    355    423    137
   512    542    484    390    359
   414    133    339    103    346
   415    328    522    487    481
   411    322    579    487    457
   489    261    443    159    495
   480    274    456    159    495
   135    424    433    411     89
   433    242     97    280    320
   466    274    465    156    509
   414    133    339    106    346
   378    106     87    185    456
==================================================
2020-08-01 01:02:00.517
The Next Generation:
==================================================
   158    308    354    331    111
   158    302    361    344    114
   140    428    464    423     89
   233    291    350    112    449
   411    319    517    487    481
   471    264    474    162    491
   325    205    373    159    542
   441    242     97    236    332
   557     72    152    354    370
   242    291    340    112    471
   394    131    339    106    346
   350    196    373    152    563
   152    302    361    344    115
   325    191    373    156    542
   557     69    152    354    356
   133    428    455    423     91
   325    198    373    156    542
   411    319    502    487    481
    73    167    374    138    404
   307    195    370    148    563
   325    188    373    166    547
   371    105     84    182    434
   140    428    455    423     89
    73    175    374    137    404
    75    167    367    168    404
   480    284    474    162    509
   480    298    474    158    495
   191    458    447    309    145
   322    198    373    191    542
   422    127    339    100    342
   512    542    484    390    369
   310    186    373    163    542
   152    302    361    354    115
   456    274    452    159    495
   325    198    373    156    542
   415    322    579    487    457
   415    328    522    487    481
   450    242     98    272    320
   325    197    373    156    521
   480    284    474    162    495
Current Champion (2):
   156    428    136    426    117
Average:
   322    255    375    249    392 
Longest Game: 304
==================================================

26 12 36 35 22 16 6 8 2 1 17 4 14 18 19 32 13 10 39 7 11 28 37 9 3 27 25 31 38 15 21 29 20 24 30 34 5 33 0 23 

==================================================
Generation 3 Results
==================================================
   480    284    474    162    509
   450    242     98    272    320
   480    284    474    162    495
   512    542    484    390    369
   557     72    152    354    370
   152    302    361    344    115
   233    291    350    112    449
   456    274    452    159    495
   325    198    373    156    542
   152    302    361    354    115
   411    319    502    487    481
   191    458    447    309    145
   322    198    373    191    542
   415    322    579    487    457
   411    319    517    487    481
   394    131    339    106    346
   140    428    464    423     89
    73    175    374    137    404
   350    196    373    152    563
   325    188    373    166    547
   140    428    455    423     89
   133    428    455    423     91
   310    186    373    163    542
   325    191    373    156    542
   307    195    370    148    563
   371    105     84    182    434
   325    205    373    159    542
   158    308    354    331    111
   242    291    340    112    471
   415    328    522    487    481
   441    242     97    236    332
    75    167    367    168    404
   158    302    361    344    114
   480    298    474    158    495
   471    264    474    162    491
    73    167    374    138    404
   325    197    373    156    521
   557     69    152    354    356
   422    127    339    100    342
   325    198    373    156    542
==================================================
2020-08-01 01:03:22.815
The Next Generation:
==================================================
   403    341    496    496    529
    75    167    381    163    404
   322    198    373    191    542
   325    191    380    156    542
   480    284    474    162    495
   191    458    451    352    145
   353    196    373    152    563
   480    284    474    162    509
   325    197    373    157    521
   405    132    339    104    346
   280    198    380    156    542
   422    127    339    100    342
   382    105     84    182    434
   331    198    373    191    542
   233    291    364    111    449
   403    328    522    487    481
   322    193    373    191    542
   507    547    480    401    355
   133    428    455    419     95
   512    542    484    390    380
   466    284    474    162    495
   152    302    371    354    115
   325    197    373    156    495
   131    428    477    423     91
   595    298    474    158    495
   403    322    579    478    435
   295    181    373    163    542
    74    168    367    168    404
   471    264    474    162    491
   407    328    522    487    495
   140    424    455    411     89
   152    302    361    344    113
   471    284    474    162    495
   557     69    152    354    359
   424    242     97    236    332
   484    284    474    162    495
   405    131    339    106    346
   127    428    455    423     93
   347    196    373    152    563
   415    322    579    487    457
Current Champion (3):
   480    284    474    162    509
Average:
   343    271    405    256    403 
Longest Game: 304
==================================================

26 12 36 6 22 11 16 38 25 17 5 15 19 32 30 39 37 10 9 7 20 18 21 8 14 27 4 3 29 24 31 13 23 1 0 35 2 28 34 33 

==================================================
Generation 4 Results
==================================================
   480    284    474    162    509
   466    284    474    162    495
   280    198    380    156    542
   295    181    373    163    542
   191    458    451    352    145
   325    197    373    156    495
   133    428    455    419     95
   140    424    455    411     89
   403    341    496    496    529
   353    196    373    152    563
   407    328    522    487    495
   152    302    361    344    113
   415    322    579    487    457
   331    198    373    191    542
   322    193    373    191    542
   507    547    480    401    355
   557     69    152    354    359
   382    105     84    182    434
   403    322    579    478    435
    75    167    381    163    404
   403    328    522    487    481
   152    302    371    354    115
   595    298    474    158    495
   471    264    474    162    491
   471    284    474    162    495
   322    198    373    191    542
   480    284    474    162    495
   405    132    339    104    346
   512    542    484    390    380
   347    196    373    152    563
   484    284    474    162    495
   127    428    455    423     93
   233    291    364    111    449
   325    191    380    156    542
   325    197    373    157    521
   405    131    339    106    346
   131    428    477    423     91
   424    242     97    236    332
    74    168    367    168    404
   422    127    339    100    342
==================================================
2020-08-01 01:04:44.481
The Next Generation:
==================================================
   200    458    438    352    149
   467    298    474    162    519
   334    198    373    191    542
   133    428    459    423     94
   325    202    373    156    495
   466    284    474    154    495
   557     69    152    354    359
   233    299    364    109    449
   405    126    339    104    346
   466    284    474    162    495
   347    187    373    153    563
   280    198    380    163    569
   156    302    371    354    119
   306    197    373    191    542
   331    198    373    191    542
   127    428    455    423     93
   191    458    433    352    145
   340    198    373    188    542
   387    319    579    478    435
   484    284    474    158    495
   480    292    474    154    514
   325    190    373    156    495
   191    458    473    352    145
   557     69    153    354    359
   443    273    474    156    495
   512    542    484    390    380
   191    458    451    352    145
   300    181    373    163    542
   140    424    455    411     89
   133    449    464    419     95
   507    574    480    401    358
   140    428    455    411     86
   480    284    474    170    519
   280    198    380    162    429
   480    284    478    162    471
   322    207    359    191    542
   480    292    474    159    529
   325    197    355    156    495
   353    196    373    152    563
   135    428    455    431     99
Current Champion (4):
   480    284    474    162    509
Average:
   332    295    414    253    383 
Longest Game: 304
==================================================

26 12 6 36 2 22 28 8 38 32 20 39 27 25 7 5 35 17 16 18 15 31 29 34 37 19 33 1 21 9 24 14 13 11 0 23 4 3 10 30 

==================================================
Generation 5 Results
==================================================
   156    302    371    354    119
   140    428    455    411     86
   334    198    373    191    542
   233    299    364    109    449
   133    449    464    419     95
   200    458    438    352    149
   191    458    433    352    145
   484    284    474    158    495
   306    197    373    191    542
   466    284    474    154    495
   325    197    355    156    495
   467    298    474    162    519
   466    284    474    162    495
   191    458    473    352    145
   353    196    373    152    563
   347    187    373    153    563
   280    198    380    163    569
   387    319    579    478    435
   557     69    153    354    359
   507    574    480    401    358
   280    198    380    162    429
   325    190    373    156    495
   135    428    455    431     99
   480    284    474    170    519
   405    126    339    104    346
   331    198    373    191    542
   127    428    455    423     93
   133    428    459    423     94
   443    273    474    156    495
   140    424    455    411     89
   322    207    359    191    542
   480    292    474    159    529
   340    198    373    188    542
   512    542    484    390    380
   557     69    152    354    359
   480    292    474    154    514
   325    202    373    156    495
   300    181    373    163    542
   480    284    478    162    471
   191    458    451    352    145
==================================================
2020-08-01 01:06:06.935
The Next Generation:
==================================================
   280    203    383    163    547
   340    198    373    143    542
   191    480    473    352    145
   353    191    373    152    558
   363    196    373    152    563
   325    204    373    156    486
   353    189    373    152    563
   334    198    373    190    542
   557     68    153    371    359
   522    563    465    348    380
   557     69    146    354    342
   309    197    373    191    542
   337    203    391    200    569
   142    424    437    411     89
   191    458    451    352    145
   191    458    412    342    145
   466    284    474    160    495
   417    126    339    100    346
   233    299    364     90    449
   200    458    438    345    149
   480    292    474    154    514
   376    331    596    482    435
   191    458    451    352    145
   278    198    380    159    569
   405    120    339    109    346
   300    181    359    163    537
   557     69    153    354    362
   233    299    364    109    449
   353    196    387    152    535
   353    196    370    152    585
   191    458    433    352    141
   367    195    373    153    563
   334    198    387    191    542
   133    428    459    423     94
   322    207    359    191    569
   294    197    373    191    526
   467    298    474    162    519
   191    458    451    352    145
   346    199    391    188    542
   294    197    373    191    542
Current Champion (5):
   156    302    371    354    119
Average:
   328    266    387    232    415 
Longest Game: 304
==================================================

26 36 22 12 32 21 20 38 35 13 16 8 2 7 37 10 19 11 31 14 1 34 29 9 4 25 18 33 39 30 3 17 23 5 6 28 27 24 0 15 

==================================================
Generation 6 Results
==================================================
   294    197    373    191    526
   522    563    465    348    380
   376    331    596    482    435
   191    458    451    352    145
   191    458    412    342    145
   480    292    474    154    514
   417    126    339    100    346
   280    203    383    163    547
   334    198    373    190    542
   191    458    451    352    145
   233    299    364    109    449
   337    203    391    200    569
   467    298    474    162    519
   191    480    473    352    145
   557     69    146    354    342
   278    198    380    159    569
   466    284    474    160    495
   191    458    451    352    145
   334    198    387    191    542
   133    428    459    423     94
   353    191    373    152    558
   325    204    373    156    486
   300    181    359    163    537
   200    458    438    345    149
   367    195    373    153    563
   557     68    153    371    359
   363    196    373    152    563
   405    120    339    109    346
   557     69    153    354    362
   353    196    370    152    585
   346    199    391    188    542
   322    207    359    191    569
   294    197    373    191    542
   340    198    373    143    542
   353    196    387    152    535
   233    299    364     90    449
   142    424    437    411     89
   191    458    433    352    141
   309    197    373    191    542
   353    189    373    152    563
==================================================
2020-08-01 01:07:25.618
The Next Generation:
==================================================
   266    203    383    163    547
   334    198    387    191    537
   278    198    380    159    569
   334    198    373    190    542
   191    480    473    352    145
   467    298    474    158    519
   405    124    339    109    346
   466    253    474    160    495
   300    181    359    171    537
   300    181    359    163    537
   300    181    359    157    537
   315    176    359    163    537
   191    458    416    342    145
   278    195    365    159    569
   325    197    356    191    569
   346    196    370    152    585
   280    195    361    159    569
   190    458    433    352    141
   557     69    146    371    342
   537    547    465    348    380
   541     69    153    361    362
   376    331    596    482    427
   353    196    370    152    585
   376    331    596    463    427
   449    298    456    158    519
   142    416    437    423     89
   443    284    488    163    514
   191    458    451    362    152
   184    458    460    352    138
   309    190    373    200    542
   192    458    404    342    145
   294    197    373    191    542
   417    126    339    109    333
   337    203    391    190    569
   433    126    339    100    346
   233    299    364    109    449
   557     71    153    354    362
   325    204    373    156    495
   353    189    370    152    563
   363    196    373    148    552
Current Champion (6):
   294    197    373    191    526
Average:
   338    252    387    229    431 
Longest Game: 304
==================================================

26 32 12 36 38 31 39 35 30 37 34 33 28 25 22 27 6 17 29 11 15 10 16 19 21 20 18 14 24 2 8 23 7 13 9 5 1 0 4 3 

==================================================
Generation 7 Results
==================================================
   278    195    365    159    569
   541     69    153    361    362
   443    284    488    163    514
   192    458    404    342    145
   537    547    465    348    380
   363    196    373    148    552
   184    458    460    352    138
   294    197    373    191    542
   346    196    370    152    585
   376    331    596    463    427
   557     69    146    371    342
   376    331    596    482    427
   300    181    359    171    537
   191    458    416    342    145
   309    190    373    200    542
   325    204    373    156    495
   300    181    359    163    537
   142    416    437    423     89
   190    458    433    352    141
   334    198    373    190    542
   315    176    359    163    537
   191    458    451    362    152
   280    195    361    159    569
   325    197    356    191    569
   266    203    383    163    547
   353    196    370    152    585
   417    126    339    109    333
   337    203    391    190    569
   449    298    456    158    519
   191    480    473    352    145
   466    253    474    160    495
   353    189    370    152    563
   334    198    387    191    537
   405    124    339    109    346
   233    299    364    109    449
   278    198    380    159    569
   300    181    359    157    537
   467    298    474    158    519
   433    126    339    100    346
   557     71    153    354    362
==================================================
2020-08-01 01:08:45.198
The Next Generation:
==================================================
   346    196    370    145    580
   278    195    380    159    541
   135    408    437    423     89
   291    181    359    163    537
   325    197    356    192    569
   353    187    370    146    585
   184    458    460    352    138
   191    480    473    366    145
   186    458    451    362    152
   233    299    378    104    449
   445    126    339    100    346
   346    196    381    158    585
   334    205    362    183    558
   300    181    359    163    542
   309    181    359    166    537
   541     71    156    361    362
   532    547    465    342    377
   294    197    373    191    542
   312    197    359    191    569
   443    284    488    162    514
   557     71    149    340    362
   296    197    373    188    542
   184    467    460    352    138
   541     69    153    361    362
   346    191    356    156    585
   389    124    339    109    329
   353    189    370    151    558
   192    458    404    359    152
   365    331    579    482    448
   315    177    359    163    537
   334    189    384    190    542
   184    480    456    366    138
   449    300    465    158    519
   182    458    416    342    152
   451    270    488    163    514
   300    181    352    163    537
   325    197    356    191    541
   449    298    478    164    519
   266    203    383    163    568
   278    201    373    159    569
Current Champion (7):
   278    195    365    159    569
Average:
   328    257    384    228    433 
Longest Game: 304
==================================================

26 12 6 36 25 28 8 20 2 21 32 5 7 9 17 1 29 18 22 19 27 31 35 4 16 24 11 0 14 30 23 3 13 34 38 10 37 39 33 15 

==================================================
Generation 8 Results
==================================================
   135    408    437    423     89
   557     71    149    340    362
   541     69    153    361    362
   315    177    359    163    537
   346    196    370    145    580
   334    205    362    183    558
   191    480    473    366    145
   541     71    156    361    362
   192    458    404    359    152
   291    181    359    163    537
   353    187    370    146    585
   389    124    339    109    329
   182    458    416    342    152
   184    467    460    352    138
   184    480    456    366    138
   184    458    460    352    138
   233    299    378    104    449
   278    195    380    159    541
   532    547    465    342    377
   451    270    488    163    514
   325    197    356    192    569
   300    181    359    163    542
   309    181    359    166    537
   334    189    384    190    542
   266    203    383    163    568
   296    197    373    188    542
   346    191    356    156    585
   300    181    352    163    537
   278    201    373    159    569
   312    197    359    191    569
   186    458    451    362    152
   449    298    478    164    519
   445    126    339    100    346
   443    284    488    162    514
   346    196    381    158    585
   365    331    579    482    448
   325    197    356    191    541
   449    300    465    158    519
   353    189    370    151    558
   294    197    373    191    542
==================================================
2020-08-01 01:10:03.324
The Next Generation:
==================================================
   541     71    156    361    362
   541     71    153    361    365
   135    392    441    435     92
   449    298    478    164    519
   329    192    356    156    585
   315    177    349    163    537
   353    180    370    148    558
   278    203    370    159    569
   334    189    377    190    542
   300    172    352    163    537
   445    124    349     96    346
   346    196    388    147    580
   291    180    359    163    558
   346    196    388    158    585
   294    181    359    158    537
   334    197    356    192    569
   389    124    355    112    329
   396    124    349    107    313
   296    197    373    188    526
   291    181    359    166    537
   173    458    436    342    152
   443    284    488    170    514
   192    458    404    359    148
   334    197    363    192    569
   324    205    355    183    558
   182    458    416    342    152
   182    436    416    342    155
   449    300    461    158    519
   278    199    373    159    569
   584     85    149    340    362
   184    458    469    335    132
   309    181    373    166    537
   131    408    437    423     91
   191    480    473    376    145
   557     71    144    340    362
   325    197    356    191    541
   266    203    383    167    568
   277    301    378    104    449
   334    192    403    190    542
   278    201    373    153    569
Current Champion (8):
   135    408    437    423     89
Average:
   324    235    367    220    429 
Longest Game: 304
==================================================

26 12 36 21 22 20 32 11 6 17 28 16 10 23 19 38 24 31 14 0 27 30 13 1 37 18 15 25 34 33 35 8 29 5 2 7 39 9 4 3 

==================================================
Generation 9 Results
==================================================
   278    203    370    159    569
   300    172    352    163    537
   182    458    416    342    152
   182    436    416    342    155
   541     71    156    361    362
   278    201    373    153    569
   329    192    356    156    585
   291    181    359    166    537
   334    189    377    190    542
   449    300    461    158    519
   325    197    356    191    541
   173    458    436    342    152
   584     85    149    340    362
   266    203    383    167    568
   135    392    441    435     92
   334    192    403    190    542
   296    197    373    188    526
   184    458    469    335    132
   294    181    359    158    537
   309    181    373    166    537
   449    298    478    164    519
   277    301    378    104    449
   346    196    388    158    585
   334    197    363    192    569
   324    205    355    183    558
   315    177    349    163    537
   396    124    349    107    313
   191    480    473    376    145
   353    180    370    148    558
   445    124    349     96    346
   291    180    359    163    558
   389    124    355    112    329
   192    458    404    359    148
   557     71    144    340    362
   541     71    153    361    365
   346    196    388    147    580
   443    284    488    170    514
   278    199    373    159    569
   131    408    437    423     91
   334    197    356    192    569
==================================================
2020-08-01 01:11:19.280
The Next Generation:
==================================================
   541     72    159    358    362
   325    197    356    191    536
   353    181    352    152    574
   551     71    160    361    376
   329    189    356    156    556
   173    522    436    332    152
   291    201    362    153    586
   289    180    359    166    542
   184    471    469    335    131
   449    309    461    151    519
   288    172    352    163    563
   136    392    441    431     92
   173    462    436    352    148
   291    180    359    171    547
   573     69    144    340    348
   334    192    403    190    542
   330    205    348    183    558
   265    203    370    159    569
   291    180    359    171    558
   278    203    370    159    569
   453    124    346     96    346
   291    171    366    163    542
   278    201    373    153    564
   334    192    387    190    542
   449    309    478    167    519
   266    211    376    167    568
   324    205    355    174    563
   346    189    388    158    585
   334    192    403    190    542
   182    458    416    342    159
   541     72    156    361    365
   551     71    153    361    355
   278    201    373    147    569
   278    203    370    159    569
   201    458    404    359    148
   173    458    436    359    152
   309    172    342    166    537
   423    124    349     96    346
   396    124    352    107    313
   458    124    346     98    346
Current Champion (9):
   278    203    370    159    569
Average:
   332    222    355    217    436 
Longest Game: 304
==================================================

26 12 6 14 17 11 13 2 36 38 32 35 39 27 20 8 7 21 10 28 5 1 31 22 24 16 37 4 15 34 23 3 29 25 9 30 19 18 33 0 

==================================================
Generation 10 Results
==================================================
   329    189    356    156    556
   330    205    348    183    558
   173    462    436    352    148
   278    203    370    159    569
   173    458    436    359    152
   184    471    469    335    131
   551     71    153    361    355
   458    124    346     98    346
   291    171    366    163    542
   334    192    403    190    542
   288    172    352    163    563
   453    124    346     96    346
   289    180    359    166    542
   346    189    388    158    585
   309    172    342    166    537
   396    124    352    107    313
   551     71    160    361    376
   449    309    461    151    519
   291    180    359    171    547
   334    192    403    190    542
   278    201    373    147    569
   266    211    376    167    568
   324    205    355    174    563
   278    203    370    159    569
   423    124    349     96    346
   541     72    159    358    362
   278    201    373    153    564
   182    458    416    342    159
   449    309    478    167    519
   325    197    356    191    536
   291    201    362    153    586
   573     69    144    340    348
   291    180    359    171    558
   136    392    441    431     92
   201    458    404    359    148
   541     72    156    361    365
   334    192    387    190    542
   173    522    436    332    152
   353    181    352    152    574
   265    203    370    159    569
==================================================
2020-08-01 01:12:33.474
The Next Generation:
==================================================
   453    124    346     96    346
   340    189    388    158    608
   396    124    352    110    319
   173    548    432    332    152
   201    458    404    376    148
   299    172    352    163    568
   201    458    404    366    148
   340    192    403    190    515
   184    471    446    335    131
   396    124    366    107    313
   449    309    478    175    519
   278    203    370    159    569
   173    476    428    359    152
   551     71    156    354    376
   520     70    152    361    365
   173    462    436    352    148
   557     72    153    361    351
   330    205    342    178    558
   457    321    465    151    519
   299    183    402    172    547
   182    454    416    342    156
   423    124    349    115    346
   328    206    356    184    536
   326    196    346    156    572
   531     72    159    358    359
   340    192    384    190    563
   201    458    404    359    153
   458    120    346    101    346
   573     69    144    340    351
   291    176    366    160    542
   173    462    436    352    148
   284    179    352    158    542
   541     72    159    358    348
   278    203    370    159    569
   441    309    478    167    494
   350    192    387    193    542
   458    124    346     98    346
   541     69    159    372    362
   529     71    160    347    376
   291    180    359    176    547
Current Champion (10):
   329    189    356    156    556
Average:
   357    229    343    238    388 
Longest Game: 304
==================================================

26 12 36 25 22 28 21 6 27 29 17 24 23 16 19 2 38 32 18 11 35 15 14 31 37 8 30 5 10 20 1 0 39 13 4 3 34 7 9 33 

==================================================
Generation 11 Results
==================================================
   423    124    349    115    346
   328    206    356    184    536
   453    124    346     96    346
   299    183    402    172    547
   278    203    370    159    569
   340    192    403    190    515
   441    309    478    167    494
   184    471    446    335    131
   457    321    465    151    519
   173    462    436    352    148
   573     69    144    340    351
   291    176    366    160    542
   340    192    384    190    563
   201    458    404    359    153
   173    548    432    332    152
   173    462    436    352    148
   396    124    352    110    319
   299    172    352    163    568
   201    458    404    366    148
   396    124    366    107    313
   551     71    156    354    376
   531     72    159    358    359
   520     70    152    361    365
   458    120    346    101    346
   529     71    160    347    376
   201    458    404    376    148
   173    476    428    359    152
   557     72    153    361    351
   541     72    159    358    348
   541     69    159    372    362
   340    189    388    158    608
   326    196    346    156    572
   291    180    359    176    547
   449    309    478    175    519
   330    205    342    178    558
   284    179    352    158    542
   350    192    387    193    542
   278    203    370    159    569
   182    454    416    342    156
   458    124    346     98    346
==================================================
2020-08-01 01:13:59.803
The Next Generation:
==================================================
   173    499    424    359    152
   340    183    423    189    540
   441    309    487    175    519
   326    199    346    155    567
   541     72    159    358    348
   466    327    488    151    529
   299    183    402    172    547
   433    318    478    167    498
   328    206    370    175    510
   195    458    404    359    153
   283    203    359    160    569
   449    309    478    175    529
   423    124    349    115    346
   396    126    369    107    319
   454    120    346    105    349
   301    190    422    172    547
   531     72    159    358    359
   340    192    384    193    585
   441    309    478    167    494
   299    167    352    163    568
   291    203    370    159    569
   437    309    469    167    470
   431    124    349    115    340
   289    180    349    176    547
   284    179    352    158    542
   340    180    388    158    608
   168    462    428    345    144
   457    321    465    151    544
   291    180    373    176    520
   201    458    404    366    144
   423    124    359    112    363
   330    205    342    178    574
   201    467    404    352    148
   340    189    388    158    590
   449    309    474    175    519
   333    201    342    178    558
   302    176    366    160    552
