Piece Value GA Results
21 2 10 5 14 27 25 24 29 31 26 9 4 3 8 13 20 1 28 15 11 30 7 6 12 0 23 18 22 17 19 16 

==================================================
Generation 0 Results
--------------------------------------------------
   283    530    495    267    373
   156    162    445    277     81
   319    440    345    423    137
   141    428    329    428    483
   131    311     99    291    540
   135    511    471    406     88
   237    400     64    325    505
   150    450    130    418    117
   411    319    532    487    485
   414    315    276    200    413
   480    274    474    165    495
   443    118    430    406    176
   383    401    307    207    378
   313    192    380    156    532
   522    345     91    418    503
   140    404    442    440     93
   526    208    442    316    524
   298    271     52    208    373
   378    106     87    190    456
   233    245    344    112    398
   192    437    447    312    149
   535    261    403    166    403
   111    109    466    289    364
   158    302    344    344    112
   428    308    156    353    352
    73    173    374    135    420
   541     69    152    368    370
   293    468    323     58     60
   116    231    357     91    486
   441    242     97    244    320
   414    133    342    104    333
   423    194     78     63    225
==================================================
2020-08-01 20:05:25.062
The Next Generation:
==================================================
   237    345     91    338    503
   411    319    345    423    137
   141    274    474    428    495
   552    259    344    316    398
   319    440    345    423    137
   535    261    447    312    403
   150    302    130    418    112
   150    450    130    418    352
   428    404    442    440     89
   237    400     64    325     60
   428    437    156    353    149
   283    530    345    452    373
   158    308    156    353    112
   141    274    474    428    495
   135    261    403    406     88
   140    404    329    428     93
   443    345     91    406    176
   158    133    344    104    333
   135    437    447    406     88
   192    437    447    350    112
   316    194    345    423    137
   411    319    495    267    485
   131    315     99    200    413
   378    106     64    325    456
   378    302     87    190    112
   131    319     99    291    540
   141    428    380    133    483
   233    133    341    112    333
   319    192    380    156    532
   319    440     64    325    505
   411    319    532    487    176
   414    315    342    104    382
Current Champion (0):
   283    530    495    267    373
Average:
   279    325    288    329    289 
--------------------------------------------------
Challenger versus Rival: 24 - 36
==================================================
Longest Game: 277
==================================================

21 10 26 23 29 13 14 5 18 9 25 8 17 11 20 28 24 19 31 15 27 12 22 4 30 16 2 7 6 1 0 3 

==================================================
Generation 1 Results
--------------------------------------------------
   411    319    345    423    137
   283    530    345    452    373
   192    437    447    350    112
   158    308    156    353    112
   150    450    130    418    352
   428    404    442    440     89
   428    437    156    353    149
   141    274    474    428    495
   131    315     99    200    413
   141    428    380    133    483
   319    440    345    423    137
   131    319     99    291    540
   237    345     91    338    503
   411    319    495    267    485
   141    274    474    428    495
   140    404    329    428     93
   135    437    447    406     88
   535    261    447    312    403
   316    194    345    423    137
   378    106     64    325    456
   319    192    380    156    532
   135    261    403    406     88
   443    345     91    406    176
   411    319    532    487    176
   414    315    342    104    382
   319    440     64    325    505
   233    133    341    112    333
   150    302    130    418    112
   237    400     64    325     60
   552    259    344    316    398
   158    133    344    104    333
   378    302     87    190    112
==================================================
2020-08-01 20:15:14.754
The Next Generation:
==================================================
   131    303     99    200    413
   331    345     91    419    523
   378    194     64    423    137
   150    302    130    418    112
   428    315    442    440     89
   158    440    156    353    112
   428    404    442    440     89
   431    437    447    267     88
   414    192    342    104    532
   414    302     87    104    112
   141    308    474    353    495
   158    308     99    353    540
   319    440     64    325    505
   319    440    345    418    112
   158    261    344    312    403
   141    274    474    428    495
   411    319    532    487    514
   443    345     91    406    176
   316    194    447    350    112
   283    302    345    452    373
   150    345    130    338    503
   316    194    344    423    398
   535    261    345    312    403
   237    302    130    338    503
   135    437    447    353     88
   135    437    447    406     88
   141    274    344    428    491
   283    530    329    452    373
   167    302    156    353    112
   316    194    332    423    137
   319    440    156    325    505
   141    319    345    423    137
Current Champion (1):
   411    319    345    423    137
Average:
   275    326    281    363    302 
--------------------------------------------------
Challenger versus Rival: 28 - 28
==================================================
Longest Game: 277
==================================================

21 10 29 9 5 14 18 13 17 2 12 26 7 27 16 4 3 20 19 11 8 15 28 6 22 23 25 31 24 1 30 0 

==================================================
Generation 2 Results
--------------------------------------------------
   141    274    344    428    491
   283    530    329    452    373
   316    194    332    423    137
   158    308     99    353    540
   141    274    474    428    495
   141    308    474    353    495
   319    440    345    418    112
   283    302    345    452    373
   135    437    447    406     88
   411    319    532    487    514
   131    303     99    200    413
   150    345    130    338    503
   158    440    156    353    112
   316    194    344    423    398
   319    440     64    325    505
   237    302    130    338    503
   316    194    447    350    112
   158    261    344    312    403
   428    315    442    440     89
   150    302    130    418    112
   428    404    442    440     89
   443    345     91    406    176
   319    440    156    325    505
   535    261    345    312    403
   141    319    345    423    137
   331    345     91    419    523
   135    437    447    353     88
   167    302    156    353    112
   414    192    342    104    532
   378    194     64    423    137
   431    437    447    267     88
   414    302     87    104    112
==================================================
2020-08-01 20:25:00.867
The Next Generation:
==================================================
   167    302    442    353    112
   428    315    442    440     89
   443    300    355    423    176
   141    274    474    428    495
   319    440    345    356    112
   141    274    318    428    495
   167    296    532    487    514
   319    308    156    325    540
   319    440    345    418    112
   141    274    344    428    491
   167    302     64    353    505
   535    261    447    350    403
   428    315    344    440    491
   378    199    156    353    137
   167    303     99    350    413
   319    440    156    325    112
   158    308    332    353    137
   428    274    344    440     89
   319    440     64    325    137
   141    274    483    428    495
   131    303    345    200    403
   319    440    474    325    505
   316    194    447    419    523
   319    440    345    418    112
   428    274    344    440    491
   150    345    130    325    503
   428    404    442    348    503
   331    345     91    419    523
   319    308    474    325    505
   316    404    332    440     89
   135    302    447    353     88
   378    261    345    402    150
Current Champion (2):
   141    274    344    428    491
Average:
   287    323    326    381    326 
--------------------------------------------------
Challenger versus Rival: 25 - 34
==================================================
Longest Game: 286
==================================================

21 10 29 18 23 5 9 2 7 14 13 1 20 0 15 8 22 11 19 28 6 4 12 3 17 16 26 25 27 24 31 30 

==================================================
Generation 3 Results
--------------------------------------------------
   167    296    532    487    514
   319    440    474    325    505
   428    315    344    440    491
   319    440    345    418    112
   319    308    474    325    505
   150    345    130    325    503
   141    274    474    428    495
   428    274    344    440    491
   131    303    345    200    403
   428    404    442    348    503
   319    440    345    356    112
   141    274    344    428    491
   167    302     64    353    505
   316    404    332    440     89
   428    274    344    440     89
   378    261    345    402    150
   316    194    447    419    523
   319    440    156    325    112
   443    300    355    423    176
   141    274    318    428    495
   428    315    442    440     89
   141    274    483    428    495
   158    308    332    353    137
   135    302    447    353     88
   319    308    156    325    540
   167    303     99    350    413
   167    302    442    353    112
   319    440     64    325    137
   535    261    447    350    403
   331    345     91    419    523
   319    440    345    418    112
   378    199    156    353    137
==================================================
2020-08-01 20:35:05.071
The Next Generation:
==================================================
   428    308    442    348    145
   319    308    474    325    505
   319    291     99    350    112
   167    303     64    350    417
   135    404    447    353     89
   319    308    474    325    495
   319    345    345    418    112
   141    261    344    428    150
   319    261    342    386    112
   319    308    483    428    495
   319    440    474    325    505
   141    194    474    428    523
   135    302    345    353    150
   428    296    532    440    514
   167    308    332    418    112
   167    274    474    428    495
   428    274    447    440     88
   319    440    345    418    112
   428    315    344    440     89
   167    199     64    353    137
   131    296    532    200    403
   428    302    344    436    505
   319    440    362    418    112
   319    345    478    325    503
   428    274    344    325    137
   319    440    474    348    503
   141    274    447    353    495
   150    274    318    325    495
   428    194    442    419     86
   141    274    344    420    112
   428    274    345    418     89
   319    440    345    348    503
Current Champion (3):
   167    296    532    487    514
Average:
   282    311    378    377    290 
--------------------------------------------------
Challenger versus Rival: 19 - 40
==================================================
Longest Game: 324
==================================================

21 10 5 2 14 13 9 15 11 1 0 29 26 25 8 7 20 27 3 12 4 18 17 16 24 6 28 23 19 31 22 30 

==================================================
Generation 4 Results
--------------------------------------------------
   319    440    345    348    503
   319    440    474    325    505
   319    345    345    418    112
   319    308    474    325    505
   428    302    344    436    505
   141    194    474    428    523
   319    440    345    418    112
   428    194    442    419     86
   167    274    474    428    495
   319    308    483    428    495
   319    440    474    348    503
   141    274    447    353    495
   428    296    532    440    514
   135    404    447    353     89
   319    308    474    325    495
   167    303     64    350    417
   319    440    362    418    112
   135    302    345    353    150
   150    274    318    325    495
   167    308    332    418    112
   319    345    478    325    503
   428    315    344    440     89
   428    274    345    418     89
   131    296    532    200    403
   167    199     64    353    137
   141    274    344    420    112
   141    261    344    428    150
   428    274    447    440     88
   319    261    342    386    112
   428    308    442    348    145
   428    274    344    325    137
   319    291     99    350    112
==================================================
2020-08-01 20:44:51.119
The Next Generation:
==================================================
   167    308    347    418    112
   167    303    483    350    417
   319    440    532    325    505
   319    296    345    418    112
   407    315    345    353     89
   135    194    345    428    523
   310    261    342    418    104
   131    308    474    325    505
   141    274    345    426     89
   141    274    447    353    533
   134    404    447    353     89
   167    199    447    353     88
   141    274    447    440     88
   428    315    344    440     89
   428    296    532    440    514
   319    440    362    418    112
   319    440    474    325    505
   428    302    442    419     90
   319    308    345    325    505
   428    194    442    460     86
   167    199    345    353    137
   141    274    447    418     88
   135    308    447    353    495
   319    345    478    418    503
   167    308     63    325    505
   167    296    332    200    403
   428    440    362    436    505
   338    308    474    325    495
   428    440    442    419     86
   319    440    474    325    495
   319    440    474    348    503
   351    308    459    348    145
Current Champion (4):
   319    440    345    348    503
Average:
   269    320    408    376    297 
--------------------------------------------------
Challenger versus Rival: 24 - 36
==================================================
Longest Game: 324
==================================================

21 29 10 26 18 23 25 5 22 2 1 17 3 4 28 20 7 27 11 0 19 24 16 31 6 14 13 9 30 12 8 15 

==================================================
Generation 5 Results
--------------------------------------------------
   428    440    362    436    505
   319    308    345    325    505
   319    345    478    418    503
   319    440    474    348    503
   135    308    447    353    495
   319    440    474    325    495
   167    303    483    350    417
   428    296    532    440    514
   319    440    532    325    505
   167    308    347    418    112
   338    308    474    325    495
   135    194    345    428    523
   167    296    332    200    403
   131    308    474    325    505
   134    404    447    353     89
   141    274    345    426     89
   141    274    447    353    533
   319    440    474    325    505
   319    296    345    418    112
   310    261    342    418    104
   167    199    345    353    137
   319    440    362    418    112
   428    302    442    419     90
   351    308    459    348    145
   428    194    442    460     86
   167    308     63    325    505
   141    274    447    440     88
   428    315    344    440     89
   428    440    442    419     86
   407    315    345    353     89
   167    199    447    353     88
   141    274    447    418     88
==================================================
2020-08-01 20:55:13.902
The Next Generation:
==================================================
   428    296    532    426     89
   424    296    332    440    403
   428    308    442    353    495
   135    308    342    353    104
   167    308     63    325    112
   142    274    442    460    533
   135    440    447    348    503
   428    308    442    325     90
   167    296    332    200    403
   167    308     63    440    514
   428    440    332    436    403
   428    440    474    348    503
   319    345    447    418    503
   319    308    345    325    505
   310    296    332    418    403
   141    274    447    353    499
   141    440    442    419     86
   338    440    474    348    495
   134    315    344    440     89
   351    308    332    192    403
   167    404    460    353    137
   319    296    474    325    112
   141    274    447    353    495
   167    308    345    353    137
   141    440    447    418     88
   319    440    532    353    533
   319    440    478    418    503
   167    199    345    353    505
   141    274    447    418    514
   319    194    345    449    523
   319    293    478    325    503
   167    303    434    322    417
Current Champion (5):
   428    440    362    436    505
Average:
   256    331    394    368    362 
--------------------------------------------------
Challenger versus Rival: 24 - 33
==================================================
Longest Game: 324
==================================================

21 10 5 7 6 2 29 18 1 14 23 3 26 15 9 20 25 11 28 22 4 19 0 17 16 13 27 24 12 8 31 30 

==================================================
Generation 6 Results
--------------------------------------------------
   141    274    447    418    514
   319    440    478    418    503
   319    440    532    353    533
   167    199    345    353    505
   319    345    447    418    503
   167    303    434    322    417
   141    274    447    353    495
   135    308    342    353    104
   141    440    442    419     86
   319    293    478    325    503
   142    274    442    460    533
   338    440    474    348    495
   135    440    447    348    503
   134    315    344    440     89
   141    440    447    418     88
   167    296    332    200    403
   319    308    345    325    505
   310    296    332    418    403
   319    194    345    449    523
   428    308    442    353    495
   167    308     63    440    514
   428    440    332    436    403
   428    440    474    348    503
   167    308    345    353    137
   141    274    447    353    499
   428    296    532    426     89
   319    296    474    325    112
   167    404    460    353    137
   351    308    332    192    403
   167    308     63    325    112
   424    296    332    440    403
   428    308    442    325     90
==================================================
2020-08-01 21:05:07.261
The Next Generation:
==================================================
   141    440    447    418    503
   310    296    332    418     86
   428    440    447    353    491
   135    308    447    353    104
   424    296    332    200    403
   167    296    345    418    505
   141    440    442    353     86
   319    308    447    350    495
   319    274    447    353    499
   167    308    345    353    495
   310    296    332    440    514
   338    440    474    348    503
   167    308    447    418     88
   428    308    442    353    104
   428    282    338    325     90
   319    274    447    325    112
   319    199    345    445    523
   319    308    478    325    503
   428    440    474    348    533
   428    296    447    426    503
   357    293    345    325    505
   167    274    434    322    417
   141    274    345    418    505
   167    484    460    325    137
   141    308    332    418     88
   428    308    442    353    104
   319    194    332    449    523
   167    345     63    418    514
   313    345    345    418    498
   141    284    345    353     81
   428    440    474    418    503
   134    293    344    325     89
Current Champion (6):
   141    274    447    418    514
Average:
   279    324    391    370    347 
--------------------------------------------------
Challenger versus Rival: 19 - 40
==================================================
Longest Game: 324
==================================================

21 10 5 14 9 2 1 11 13 7 3 29 6 4 15 12 8 20 0 28 26 31 30 18 25 24 27 23 22 17 16 19 

==================================================
Generation 7 Results
--------------------------------------------------
   319    274    447    353    499
   428    440    474    348    533
   428    440    474    418    503
   313    345    345    418    498
   141    440    442    353     86
   141    274    345    418    505
   141    440    447    418    503
   167    296    345    418    505
   319    308    447    350    495
   319    194    332    449    523
   428    440    447    353    491
   167    274    434    322    417
   141    284    345    353     81
   167    345     63    418    514
   319    308    478    325    503
   134    293    344    325     89
   338    440    474    348    503
   319    274    447    325    112
   141    308    332    418     88
   167    308    447    418     88
   167    308    345    353    495
   135    308    447    353    104
   357    293    345    325    505
   428    308    442    353    104
   310    296    332    418     86
   310    296    332    440    514
   167    484    460    325    137
   428    308    442    353    104
   319    199    345    445    523
   428    296    447    426    503
   428    282    338    325     90
   424    296    332    200    403
==================================================
2020-08-01 21:15:11.754
The Next Generation:
==================================================
   428    440    442    418     86
   319    308    442    353    104
   141    308    332    418    498
   319    440    345    445    491
   141    308    345    353     81
   134    440    447    325     89
   167    440    434    348    533
   139    284     63    353     81
   167    296     63    418    494
   428    308    442    353    104
   428    448    345    348    505
   141    440    345    418     86
   319    199    345    445    503
   167    345     63    418    514
   319    308    447    348    503
   319    345    447    418    498
   428    308    474    353    104
   428    307    474    200    503
   424    331    344    325    403
   428    308    442    353    499
   167    308     63    418     88
   363    308    474    350    533
   141    440    474    418    533
   134    308    344    325     89
   167    345     63    418    514
   338    440    474    348    104
   167    284    345    353    505
   338    427    474    410     86
   167    308    447    325    503
   313    308    345    418    498
   310    440    442    350     86
   310    440    442    353     86
Current Champion (7):
   319    274    447    353    499
Average:
   271    352    358    371    322 
--------------------------------------------------
Challenger versus Rival: 22 - 37
==================================================
Longest Game: 324
==================================================

21 10 29 13 5 14 2 9 7 11 26 12 1 8 6 20 4 28 15 27 3 0 31 18 30 17 25 24 19 23 16 22 

==================================================
Generation 8 Results
--------------------------------------------------
   141    308    332    418    498
   141    440    474    418    533
   319    308    447    348    503
   363    308    474    350    533
   167    308    447    325    503
   428    308    442    353    499
   428    448    345    348    505
   319    345    447    418    498
   424    331    344    325    403
   319    440    345    445    491
   313    308    345    418    498
   428    440    442    418     86
   167    345     63    418    514
   167    440    434    348    533
   319    199    345    445    503
   338    427    474    410     86
   310    440    442    353     86
   139    284     63    353     81
   134    308    344    325     89
   167    284    345    353    505
   319    308    442    353    104
   141    308    345    353     81
   141    440    345    418     86
   428    308    474    353    104
   310    440    442    350     86
   167    296     63    418    494
   338    440    474    348    104
   428    307    474    200    503
   134    440    447    325     89
   167    308     63    418     88
   167    345     63    418    514
   428    308    442    353    104
==================================================
2020-08-01 21:25:02.652
The Next Generation:
==================================================
   319    448    345    445    503
   167    284    447    325     81
   319    199    369    353    503
   167    284    447    353    503
   167    284    474    353     86
   167    296    345    348    494
   310    440    460    353    554
   141    410    345    418     83
   167    345     63    418     87
   338    440    474    418    104
   363    308    474    350    104
   319    308    447    348    503
   141    440    345    418     86
   428    307    483    200    104
   428    440    442    325    104
   363    308    345    350    505
   363    308    474    350    533
   319    345     63    418    514
   428    448    447    344    505
   141    308     65    418     81
   310    331    442    353     86
   428    296     63    418    499
   167    440     63    418    533
   167    345     63    418    533
   338    427    442    410     86
   167    308     63    414    503
   141    308    332    418    498
   139    440    442    418     81
   310    440    455    418     86
   141    308    442    353    104
   167    308    447    348    503
   319    440    345    350     86
Current Champion (8):
   141    308    332    418    498
Average:
   260    354    342    376    301 
--------------------------------------------------
Challenger versus Rival: 22 - 37
==================================================
Longest Game: 324
==================================================

21 10 29 18 20 5 2 17 1 16 23 0 19 14 4 7 3 22 6 11 28 26 9 13 31 8 12 15 25 27 24 30 

==================================================
Generation 9 Results
--------------------------------------------------
   319    448    345    445    503
   338    440    474    418    104
   319    308    447    348    503
   167    308    447    348    503
   167    284    474    353     86
   310    440    455    418     86
   319    199    369    353    503
   428    448    447    344    505
   141    308    332    418    498
   363    308    345    350    505
   167    296    345    348    494
   428    296     63    418    499
   167    284    447    353    503
   141    308    442    353    104
   363    308    474    350    533
   141    410    345    418     83
   141    440    345    418     86
   141    308     65    418     81
   338    427    442    410     86
   139    440    442    418     81
   167    345     63    418    533
   167    345     63    418     87
   310    331    442    353     86
   310    440    460    353    554
   363    308    474    350    104
   319    345     63    418    514
   167    440     63    418    533
   167    308     63    414    503
   319    440    345    350     86
   167    284    447    325     81
   428    440    442    325    104
   428    307    483    200    104
==================================================
2020-08-01 21:34:45.438
The Next Generation:
==================================================
   141    308     63    418    498
   310    331    442    353     86
   363    448    345    350    503
   310    331    442    353    503
   167    440     63    418    503
   338    427    345    410    503
   428    448    447    371    505
   141    410    345    418     83
   319    284    345    325     81
   167    284    447    353    503
   167    345     63    418     87
   319    448    345    348    503
   167    310    483    325     81
   141    440    345    360     86
   310    440    460    353    503
   319    440    474    353    104
   139    440    345    350     81
   310    440    345    348    494
   167    296    345    348    494
   319    284    474    445     86
   167    284    447    325    533
   319    308    474    348    503
   141    308    332    418    514
   167    284    447    338     87
   167    284    474    309     81
   167    440    460    353    554
   141    345     63    418     87
   310    308    455    418    498
   141    440    464    353     83
   141    308    474    418    498
   141    308    332    418    498
   141    448    345    445    503
Current Champion (9):
   319    448    345    445    503
Average:
   224    364    366    374    335 
--------------------------------------------------
Challenger versus Rival: 32 - 26
==================================================
Longest Game: 324
==================================================

21 29 10 5 14 18 26 17 15 2 13 1 9 16 28 7 19 4 11 12 3 20 27 8 0 31 6 25 23 24 30 22 

==================================================
Generation 10 Results
--------------------------------------------------
   310    440    345    348    494
   428    448    447    371    505
   141    308    332    418    514
   310    308    455    418    498
   310    331    442    353    503
   167    284    447    325    533
   141    308    474    418    498
   167    284    447    338     87
   167    284    447    353    503
   319    308    474    348    503
   141    448    345    445    503
   310    440    460    353    503
   141    440    464    353     83
   141    308     63    418    498
   167    310    483    325     81
   141    308    332    418    498
   338    427    345    410    503
   167    296    345    348    494
   363    448    345    350    503
   141    410    345    418     83
   319    448    345    348    503
   139    440    345    350     81
   310    331    442    353     86
   319    440    474    353    104
   167    440    460    353    554
   141    440    345    360     86
   167    284    474    309     81
   141    345     63    418     87
   319    284    345    325     81
   167    345     63    418     87
   319    284    474    445     86
   167    440     63    418    503
==================================================
2020-08-01 21:44:44.097
The Next Generation:
==================================================
   428    331    442    353    505
   319    308    345    348    503
   167    284    474    325     81
   141    331    442    353    498
   363    308    474    350    503
   141    440    345    458    503
   167    448    491    348    505
   167    440    460    353    554
   310    308    455    353    554
   310    440    460    353    503
   167    284    345    353    503
   319    448    447    371     81
   338    427    345    350    503
   310    308    442    418    498
   143    440    345    353     81
   310    440    345    418    498
   141    308    474    418    498
   141    308    332    418    514
   428    440    464    371    505
   141    427    345    410    503
   319    448    502    445    104
   139    440    345    353     81
   167    331    447    353    503
   331    308    474    445    498
   141    308    474    418    505
   345    448    345    348    503
   363    345     63    350    503
   310    308    455    418    503
   141    423    345    350     86
   310    331    442    338     87
   319    448    455    418    503
   167    310    483    325     81
Current Champion (10):
   310    440    345    348    494
Average:
   250    372    409    376    401 
--------------------------------------------------
Challenger versus Rival: 24 - 36
==================================================
Longest Game: 324
==================================================

21 10 5 18 2 29 1 25 26 0 31 28 17 20 24 11 27 30 3 7 4 19 6 16 14 13 23 9 8 12 15 22 

==================================================
Generation 11 Results
--------------------------------------------------
   167    284    345    353    503
   141    308    474    418    505
   310    308    455    418    503
   338    427    345    350    503
   319    448    455    418    503
   345    448    345    348    503
   310    440    345    418    498
   331    308    474    445    498
   141    308    332    418    514
   167    448    491    348    505
   141    427    345    410    503
   310    308    455    353    554
   363    308    474    350    503
   141    308    474    418    498
   167    440    460    353    554
   319    308    345    348    503
   141    440    345    458    503
   310    308    442    418    498
   310    440    460    353    503
   167    331    447    353    503
   428    440    464    371    505
   428    331    442    353    505
   319    448    447    371     81
   141    423    345    350     86
   139    440    345    353     81
   167    284    474    325     81
   141    331    442    353    498
   319    448    502    445    104
   143    440    345    353     81
   167    310    483    325     81
   310    331    442    338     87
   363    345     63    350    503
==================================================
2020-08-01 21:54:41.037
The Next Generation:
==================================================
   143    440    345    353    498
   167    310    483    325     81
   310    440    345    418     89
   167    284    483    325     81
   167    331    345    348    503
   319    448    502    371    104
   141    308    518    418    498
   139    440    345    353     81
   319    448    345    348    104
   141    427    474    418    503
   338    465    345    350    503
   141    423    345    353     86
   334    440    455    353    554
   141    308    442    418    504
   141    308    474    418    498
   428    308    474    418    498
   310    440    345    434    498
   428    440    442    353    505
   167    284    474    353     81
   319    308    474    418    503
   141    317    474    418    498
   310    308     63    353    503
   170    284    447    353    503
   363    427    345    350    493
   310    308    474    353    498
   310    331    442    353    503
   363    331    447    350    503
   310    390    442    338     86
   141    440    474    443    498
   167    440    460    353    554
   319    452    345    410    104
   136    308    345    458    503
Current Champion (11):
   167    284    345    353    503
Average:
   243    373    412    377    375 
--------------------------------------------------
Challenger versus Rival: 26 - 32
==================================================
Longest Game: 324
==================================================

21 10 4 2 5 7 6 1 3 0 29 14 18 28 9 11 13 12 20 8 15 26 25 24 23 31 17 27 22 19 16 30 

==================================================
Generation 12 Results
--------------------------------------------------
   143    440    345    353    498
   319    452    345    410    104
   170    284    447    353    503
   334    440    455    353    554
   310    331    442    353    503
   167    284    483    325     81
   167    440    460    353    554
   141    308    518    418    498
   363    331    447    350    503
   141    440    474    443    498
   310    440    345    434    498
   136    308    345    458    503
   338    465    345    350    503
   310    308    474    353    498
   363    427    345    350    493
   141    427    474    418    503
   141    308    442    418    504
   141    317    474    418    498
   167    310    483    325     81
   141    423    345    353     86
   428    308    474    418    498
   319    308    474    418    503
   167    331    345    348    503
   141    308    474    418    498
   310    390    442    338     86
   139    440    345    353     81
   167    284    474    353     81
   319    448    502    371    104
   428    440    442    353    505
   310    440    345    418     89
   310    308     63    353    503
   319    448    345    348    104
==================================================
2020-08-01 22:04:58.241
The Next Generation:
==================================================
   167    284    483    325     81
   143    423    345    350     86
   319    308    474    418    104
   170    440    474    443    498
   319    440    502    353    505
   141    390    442    418     86
   139    308    474    353     81
   310    440    474    367    498
   310    440     63    443    503
   334    440    492    353    498
   167    308    474    418    554
   334    440    460    353    554
   319    448    429    371    104
   428    465    474    350    503
   334    448    455    371    554
   141    331    474    443    503
   428    308    474    418    503
   141    308    474    418    517
   310    440    345    344     89
   167    440    460    353    554
   331    308    345    418    503
   319    452    474    410    498
   334    440    455    353    554
   313    344    442    353    503
   139    440    483    353     81
   141    440    474    350    493
   143    440    345    353    498
   334    440    345    353     86
   338    465    345    348    104
   363    347    345    350    503
   139    440    518    353    498
   310    284    474    353    498
Current Champion (12):
   143    440    345    353    498
Average:
   260    396    430    375    381 
--------------------------------------------------
Challenger versus Rival: 22 - 37
==================================================
Longest Game: 324
==================================================

21 10 5 2 31 29 7 28 26 1 6 4 30 3 25 24 27 11 0 20 14 9 8 13 12 15 23 18 17 22 16 19 

==================================================
Generation 13 Results
--------------------------------------------------
   334    448    455    371    554
   143    440    345    353    498
   141    308    474    418    517
   167    440    460    353    554
   319    440    502    353    505
   141    390    442    418     86
   139    440    483    353     81
   143    423    345    350     86
   141    440    474    350    493
   139    440    518    353    498
   319    452    474    410    498
   428    308    474    418    503
   141    331    474    443    503
   334    440    455    353    554
   334    440    492    353    498
   167    308    474    418    554
   338    465    345    348    104
   310    440    474    367    498
   334    440    460    353    554
   310    440     63    443    503
   139    308    474    353     81
   313    344    442    353    503
   331    308    345    418    503
   310    284    474    353    498
   310    440    345    344     89
   170    440    474    443    498
   334    440    345    353     86
   428    465    474    350    503
   167    284    483    325     81
   319    448    429    371    104
   363    347    345    350    503
   319    308    474    418    104
==================================================
2020-08-01 22:14:50.568
The Next Generation:
==================================================
   310    289    455    353    554
   334    440    474    353    503
   334    448    455    371    498
   319    448    492    353    498
   170    331    474    443    498
   334    465    455    371    104
   310    440    442    344     89
   143    440    345    353    498
   167    284    579    325     81
   338    440    345    353    554
   428    284    474    353    503
   313    357    345    353    503
   139    308    518    353    479
   313    344    442    353    503
   334    440    492    353    498
   141    440    442    350     86
   334    440    460    353    498
   344    303    442    353    498
   139    344    434    353    503
   319    308    474    418    498
