Piece Value GA Results
2 0 3 1 

==================================================
Generation 0 Results
--------------------------------------------------
   233    245    344    112    398
   135    511    471    406     88
   414    315    276    200    413
   441    242     97    244    320
==================================================
2020-08-01 19:51:44.509
The Next Generation:
==================================================
   233    257    344    112    398
   233    245    344    112    398
   414    315    471    406     88
   414    315    276    200    413
Current Champion (0):
   233    245    344    112    398
Average:
   323    283    358    207    324 
--------------------------------------------------
Challenger versus Rival: 0 - 63
==================================================
Longest Game: 168
==================================================

2 1 0 3 

==================================================
Generation 1 Results
--------------------------------------------------
   414    315    471    406     88
   414    315    276    200    413
   233    257    344    112    398
   233    245    344    112    398
==================================================
2020-08-01 19:52:27.725
The Next Generation:
==================================================
   414    315    276    382     88
   414    245    344    406    398
   414    315    471    406     88
   414    315    471    430    413
Current Champion (1):
   414    315    471    406     88
Average:
   414    297    390    406    246 
--------------------------------------------------
Challenger versus Rival: 0 - 63
==================================================
Longest Game: 185
==================================================

2 1 3 0 