Piece Value GA Results
0 1 2 3 4 5 6 7 8 9 10 11 

==================================================
Generation 0 Results
--------------------------------------------------
   141    428    329    428    483
   233    245    344    112    398
    73    173    374    135    420
   313    192    380    156    532
   135    511    471    406     88
   150    450    130    418    117
   158    302    344    344    112
   283    530    495    267    373
   414    315    276    200    413
   522    345     91    418    503
   298    271     52    208    373
   441    242     97    244    320
==================================================
2020-08-02 00:12:41.327
The Next Generation:
==================================================
   158    302    276    344    112
   313    192    380    156    373
   158    302    344    344    112
   135    511    133    406    117
   135    245    344    112    398
   141    189    380    428    532
   283    530     91    418    503
   283    551    495    267    373
   141    428    323    428    483
   141    345    329    428    483
   233    245    471    112    398
   150    450    130    135    117
Current Champion (0):
   141    428    329    428    483
Average:
   189    357    308    298    333 
--------------------------------------------------
Challenger versus Rival: 1003 - 12
==================================================
Longest Game: 257
==================================================

0 1 2 3 4 5 6 7 8 9 10 11 

==================================================
Generation 1 Results
--------------------------------------------------
   141    345    329    428    483
   141    428    323    428    483
   135    245    344    112    398
   141    189    380    428    532
   158    302    276    344    112
   283    530     91    418    503
   158    302    344    344    112
   135    511    133    406    117
   283    551    495    267    373
   233    245    471    112    398
   313    192    380    156    373
   150    450    130    135    117
==================================================
2020-08-02 00:15:21.235
The Next Generation:
==================================================
   135    245    344    112    503
   141    345     91    418    483
   158    290    344    344    112
   158    551    276    267    112
   141    345    329    428    483
   158    551    344    344    112
   141    302    344    428    483
   135    511    133    406    398
   150    450    130    428    483
   158    245    276    112    398
   141    345    329    428    483
   158    302    344    361    398
Current Champion (1):
   141    345    329    428    483
Average:
   147    373    273    339    370 
--------------------------------------------------
Challenger versus Rival: 1004 - 11
==================================================
Longest Game: 272
==================================================

0 1 2 3 4 5 6 7 8 9 10 11 

==================================================
Generation 2 Results
--------------------------------------------------
   141    345    329    428    483
   141    302    344    428    483
   141    345    329    428    483
   135    245    344    112    503
   141    345     91    418    483
   150    450    130    428    483
   158    302    344    361    398
   135    511    133    406    398
   158    245    276    112    398
   158    551    344    344    112
   158    290    344    344    112
   158    551    276    267    112
==================================================
2020-08-02 00:18:05.066
The Next Generation:
==================================================
   141    245    276    110    398
   141    245     91    418    503
   141    302    344    428    483
   135    345    329    112    478
   158    345    329    428    483
   158    345    276    112    483
   158    345    329    428    483
   141    345    331    112    503
   135    245    344    361    503
   141    345     91    418    483
   141    345     91    418    483
   141    302     91    418    483
Current Champion (2):
   141    345    329    428    483
Average:
   144    312    243    313    480 
--------------------------------------------------
Challenger versus Rival: 1002 - 12
==================================================
Longest Game: 295
==================================================

0 1 2 3 4 5 6 7 8 9 10 11 

==================================================
Generation 3 Results
--------------------------------------------------
   158    345    329    428    483
   141    245     91    418    503
   158    345    329    428    483
   135    245    344    361    503
   135    345    329    112    478
   141    302    344    428    483
   141    302     91    418    483
   141    245    276    110    398
   141    345    331    112    503
   141    345     91    418    483
   141    345     91    418    483
   158    345    276    112    483
==================================================
2020-08-02 00:21:20.691
The Next Generation:
==================================================
   141    345     91    418    483
   135    245    364    428    483
   158    345    329    428    483
   135    355    329    112    478
   141    249     91    418    474
   141    245    329    110    398
   141    345    331    112    503
   135    345    329    114    503
   141    345    329    428    503
   141    302     91    428    483
   158    345    329    428    483
   158    245    344    428    483
Current Champion (3):
   158    345    329    428    483
Average:
   143    309    273    321    479 
--------------------------------------------------
Challenger versus Rival: 1003 - 11
==================================================
Longest Game: 295
==================================================

0 1 2 3 4 5 6 7 8 9 10 11 

==================================================
Generation 4 Results
--------------------------------------------------
   141    345    329    428    503
   141    345     91    418    483
   158    345    329    428    483
   141    249     91    418    474
   135    245    364    428    483
   135    355    329    112    478
   158    245    344    428    483
   135    345    329    114    503
   158    345    329    428    483
   141    302     91    428    483
   141    245    329    110    398
   141    345    331    112    503
==================================================
2020-08-02 00:23:54.604
The Next Generation:
==================================================
   141    345    364    428    483
   135    355    329    112    478
   135    249    329    114    503
   158    302    344    428    483
   141    345    329    445    483
   141    348    329    418    503
   158    355    329    112    483
   135    345     91    418    474
   141    302    344    428    483
   135    345    329    112    483
   141    249    364    428    474
   158    345    329    428    492
Current Champion (4):
   141    345    329    428    503
Average:
   143    323    317    322    485 
--------------------------------------------------
Challenger versus Rival: 1004 - 10
==================================================
Longest Game: 295
==================================================

0 1 2 3 4 5 6 7 8 9 10 11 

==================================================
Generation 5 Results
--------------------------------------------------
   141    345    329    445    483
   135    249    329    114    503
   158    302    344    428    483
   141    345    364    428    483
   158    345    329    428    492
   141    348    329    418    503
   141    249    364    428    474
   135    355    329    112    478
   141    302    344    428    483
   135    345    329    112    483
   135    345     91    418    474
   158    355    329    112    483
==================================================
2020-08-02 00:26:23.565
The Next Generation:
==================================================
   141    358    364    407    483
   135    355    329    112    483
   135    249    342    114    503
   141    345    329    432    483
   135    362    329    428    483
   135    249    329    428    503
   141    345    329    428    492
   141    348    329    418    503
   135    249    329    112    497
   135    348    329    112    483
   141    345    329    112    483
   141    345    361    445    483
Current Champion (5):
   141    345    329    445    483
Average:
   138    324    335    295    489 
--------------------------------------------------
Challenger versus Rival: 1002 - 12
==================================================
Longest Game: 295
==================================================

0 1 2 3 4 5 6 7 8 9 10 11 

==================================================
Generation 6 Results
--------------------------------------------------
   135    362    329    428    483
   141    345    329    432    483
   141    345    329    428    492
   141    358    364    407    483
   135    249    329    428    503
   141    348    329    418    503
   141    345    361    445    483
   135    249    342    114    503
   135    249    329    112    497
   135    355    329    112    483
   135    348    329    112    483
   141    345    329    112    483
==================================================
2020-08-02 00:29:55.178
The Next Generation:
==================================================
   141    345    361    445    492
   141    358    364    407    483
   141    345    329    428    492
   141    345    329    432    483
   135    345    329    428    492
   137    249    332    428    483
   141    345    375    445    483
   141    345    361    112    483
   141    345    361    424    492
   135    249    329    114    503
   142    345    361    445    483
   135    249    329    114    503
Current Champion (6):
   135    362    329    428    483
Average:
   139    322    346    351    489 
--------------------------------------------------
Challenger versus Rival: 1008 - 7
==================================================
Longest Game: 312
==================================================

0 1 2 3 4 5 6 7 8 9 10 11 

==================================================
Generation 7 Results
--------------------------------------------------
   135    345    329    428    492
   141    345    361    445    492
   141    345    329    428    492
   141    345    361    424    492
   141    345    329    432    483
   141    358    364    407    483
   137    249    332    428    483
   142    345    361    445    483
   141    345    375    445    483
   135    249    329    114    503
   141    345    361    112    483
   135    249    329    114    503
==================================================
2020-08-02 00:32:56.872
The Next Generation:
==================================================
   139    249    329    432    483
   141    345    375    407    483
   141    345    329    432    483
   141    345    329    428    492
   135    345    329    114    503
   142    345    329    432    483
   141    318    364    428    492
   141    345    329    428    492
   141    325    375    428    483
   141    345    329    428    492
   135    249    345    428    492
   141    345    329    428    492
Current Champion (7):
   135    345    329    428    492
Average:
   139    325    340    401    489 
--------------------------------------------------
Challenger versus Rival: 1001 - 12
==================================================
Longest Game: 312
==================================================

0 1 2 3 4 5 6 7 8 9 10 11 

==================================================
Generation 8 Results
--------------------------------------------------
   141    345    329    428    492
   141    325    375    428    483
   141    345    329    432    483
   141    345    329    428    492
   135    249    345    428    492
   141    318    364    428    492
   141    345    329    428    492
   141    345    375    407    483
   141    345    329    428    492
   139    249    329    432    483
   142    345    329    432    483
   135    345    329    114    503
==================================================
2020-08-02 00:35:50.511
The Next Generation:
==================================================
   141    249    310    428    492
   141    345    329    432    492
   141    345    329    428    492
   141    345    332    428    492
   141    345    329    428    492
   141    345    329    428    492
   141    290    329    432    483
   141    345    329    428    483
   139    345    329    428    483
   139    251    329    432    483
   141    345    329    428    483
   141    345    329    428    492
Current Champion (8):
   141    345    329    428    492
Average:
   140    324    327    429    488 
--------------------------------------------------
Challenger versus Rival: 1004 - 10
==================================================
Longest Game: 312
==================================================

0 1 2 3 4 5 6 7 8 9 10 11 

==================================================
Generation 9 Results
--------------------------------------------------
   139    345    329    428    483
   141    345    332    428    492
   139    251    329    432    483
   141    249    310    428    492
   141    345    329    428    492
   141    290    329    432    483
   141    345    329    428    483
   141    345    329    428    492
   141    345    329    428    492
   141    345    329    428    492
   141    345    329    428    483
   141    345    329    432    492
==================================================
2020-08-02 00:38:53.054
The Next Generation:
==================================================
   141    345    329    428    492
   137    345    329    432    492
   141    342    329    428    478
   141    345    332    428    492
   139    345    329    428    483
   141    345    320    428    492
   141    345    329    428    483
   148    251    329    432    483
   141    345    342    428    496
   141    345    329    428    483
   141    345    316    428    483
   139    345    329    428    483
Current Champion (9):
   139    345    329    428    483
Average:
   140    336    328    428    486 
--------------------------------------------------
Challenger versus Rival: 1004 - 11
==================================================
Longest Game: 312
==================================================

0 1 2 3 4 5 6 7 8 9 10 11 

==================================================
Generation 10 Results
--------------------------------------------------
   141    345    342    428    496
   141    342    329    428    478
   141    345    332    428    492
   141    345    329    428    492
   137    345    329    432    492
   139    345    329    428    483
   139    345    329    428    483
   141    345    329    428    483
   141    345    329    428    483
   141    345    316    428    483
   141    345    320    428    492
   148    251    329    432    483
==================================================
2020-08-02 00:41:29.750
The Next Generation:
==================================================
   148    251    326    428    483
   141    345    291    428    483
   141    345    342    428    496
   145    345    329    428    492
   139    342    329    428    464
   141    345    322    428    483
   137    345    342    428    492
   141    345    329    428    492
   139    345    329    432    492
   141    345    329    428    492
   141    345    320    428    492
   139    345    329    428    483
Current Champion (10):
   141    345    342    428    496
Average:
   141    336    326    428    487 
--------------------------------------------------
Challenger versus Rival: 1003 - 10
==================================================
Longest Game: 352
==================================================

0 1 2 3 4 5 6 7 8 9 10 11 

==================================================
Generation 11 Results
--------------------------------------------------
   141    345    329    428    492
   137    345    342    428    492
   148    251    326    428    483
   141    345    322    428    483
   141    345    342    428    496
   139    342    329    428    464
   141    345    291    428    483
   145    345    329    428    492
   139    345    329    428    483
   141    345    320    428    492
   141    345    329    428    492
   139    345    329    432    492
==================================================
2020-08-02 00:44:37.884
The Next Generation:
==================================================
   141    345    322    428    483
   141    251    329    428    492
   141    345    322    428    483
   144    345    310    428    483
   143    342    329    428    483
   137    251    326    428    483
   139    342    322    428    464
   141    345    313    428    483
   141    345    326    428    483
   141    345    329    428    483
   139    345    329    428    492
   137    345    342    428    492
Current Champion (11):
   141    345    329    428    492
Average:
   140    328    324    428    483 
--------------------------------------------------
Challenger versus Rival: 1004 - 11
==================================================
Longest Game: 352
==================================================

0 1 2 3 4 5 6 7 8 9 10 11 

==================================================
Generation 12 Results
--------------------------------------------------
   141    345    322    428    483
   141    345    329    428    483
   139    345    329    428    492
   144    345    310    428    483
   137    345    342    428    492
   141    251    329    428    492
   141    345    322    428    483
   137    251    326    428    483
   143    342    329    428    483
   141    345    313    428    483
   139    342    322    428    464
   141    345    326    428    483
==================================================
2020-08-02 00:47:52.204
The Next Generation:
==================================================
   141    345    322    428    483
   139    345    335    428    492
   141    345    329    428    506
   141    345    325    428    483
   141    345    322    428    483
   144    345    322    428    464
   139    328    329    428    492
   139    345    322    428    464
   137    345    342    428    492
   139    345    329    428    492
   137    251    338    428    483
   137    345    342    428    492
Current Champion (12):
   141    345    322    428    483
Average:
   139    335    329    428    485 
--------------------------------------------------
Challenger versus Rival: 1003 - 12
==================================================
Longest Game: 352
==================================================

0 1 2 3 4 5 6 7 8 9 10 11 

==================================================
Generation 13 Results
--------------------------------------------------
   141    345    329    428    506
   139    345    322    428    464
   137    251    338    428    483
   139    328    329    428    492
   141    345    322    428    483
   137    345    342    428    492
   141    345    325    428    483
   137    345    342    428    492
   139    345    329    428    492
   139    345    335    428    492
   144    345    322    428    464
   141    345    322    428    483
==================================================
2020-08-02 00:50:45.301
The Next Generation:
==================================================
   139    345    329    428    464
   139    345    329    428    492
   141    251    338    428    506
   137    229    338    428    483
   137    345    322    428    483
   141    345    329    428    492
   139    345    329    428    464
   139    345    322    428    464
   139    345    322    428    464
   141    251    338    428    483
   139    328    329    428    492
   139    251    322    428    483
Current Champion (13):
   141    345    329    428    506
Average:
   139    310    328    428    480 
--------------------------------------------------
Challenger versus Rival: 1005 - 8
==================================================
Longest Game: 352
==================================================

0 1 2 3 4 5 6 7 8 9 10 11 

==================================================
Generation 14 Results
--------------------------------------------------
   139    345    329    428    492
   139    345    322    428    464
   139    251    322    428    483
   139    345    329    428    464
   139    328    329    428    492
   141    251    338    428    506
   137    229    338    428    483
   141    345    329    428    492
   139    345    329    428    464
   139    345    322    428    464
   141    251    338    428    483
   137    345    322    428    483
==================================================
2020-08-02 00:53:59.005
The Next Generation:
==================================================
   141    251    338    428    483
   139    328    329    428    492
   139    345    329    428    464
   139    328    322    428    492
   139    345    329    428    492
   139    345    329    445    464
   139    345    322    428    464
   135    345    329    428    464
   143    229    329    428    492
   137    238    338    428    492
   137    229    322    428    483
   139    345    322    428    464
Current Champion (14):
   139    345    329    428    492
Average:
   138    306    328    429    478 
--------------------------------------------------
Challenger versus Rival: 1004 - 11
==================================================
Longest Game: 372
==================================================

0 1 2 3 4 5 6 7 8 9 10 11 

==================================================
Generation 15 Results
--------------------------------------------------
   135    345    329    428    464
   139    345    329    428    492
   137    238    338    428    492
   141    251    338    428    483
   139    345    329    445    464
   143    229    329    428    492
   139    328    329    428    492
   137    229    322    428    483
   139    345    322    428    464
   139    345    329    428    464
   139    345    322    428    464
   139    328    322    428    492
==================================================
2020-08-02 00:57:14.953
The Next Generation:
==================================================
   143    229    329    428    464
   139    328    329    445    492
   141    238    322    428    464
   139    328    322    428    464
   139    345    329    428    464
   137    345    322    428    464
   139    345    329    428    502
   139    328    329    428    492
   143    229    329    428    464
   135    345    329    428    464
   137    238    338    428    464
   135    345    329    428    492
Current Champion (15):
   135    345    329    428    464
Average:
   138    303    328    429    474 
--------------------------------------------------
Challenger versus Rival: 1002 - 12
==================================================
Longest Game: 372
==================================================

0 1 2 3 4 5 6 7 8 9 10 11 

==================================================
Generation 16 Results
--------------------------------------------------
   135    345    329    428    464
   139    328    322    428    464
   141    238    322    428    464
   139    328    329    428    492
   139    345    329    428    502
   143    229    329    428    464
   135    345    329    428    492
   139    328    329    445    492
   139    345    329    428    464
   137    345    322    428    464
   137    238    338    428    464
   143    229    329    428    464
==================================================
2020-08-02 01:00:12.626
The Next Generation:
==================================================
   139    328    322    428    464
   139    328    329    445    492
   139    238    329    428    492
   135    345    329    428    464
   135    345    329    428    492
   137    345    329    428    464
   139    345    329    428    464
   139    345    329    428    502
   135    345    329    445    464
   135    235    329    428    464
   134    376    329    428    492
   135    345    329    428    464
Current Champion (16):
   135    345    329    428    464
Average:
   136    326    328    430    476 
--------------------------------------------------
Challenger versus Rival: 1003 - 12
==================================================
Longest Game: 372
==================================================

0 1 2 3 4 5 6 7 8 9 10 11 

==================================================
Generation 17 Results
--------------------------------------------------
   139    345    329    428    464
   135    235    329    428    464
   137    345    329    428    464
   139    345    329    428    502
   135    345    329    445    464
   135    345    329    428    464
   135    345    329    428    464
   135    345    329    428    492
   139    328    329    445    492
   139    328    322    428    464
   139    238    329    428    492
   134    376    329    428    492
==================================================
2020-08-02 01:03:10.304
The Next Generation:
==================================================
   137    345    329    428    512
   134    376    329    428    492
   139    345    329    428    464
   135    345    329    428    464
   139    328    322    440    464
   137    345    329    428    464
   139    345    329    428    464
   148    345    329    428    502
   135    345    329    428    492
   139    345    329    428    502
   135    235    329    428    464
   139    345    329    428    464
Current Champion (17):
   139    345    329    428    464
Average:
   138    337    328    429    479 
--------------------------------------------------
Challenger versus Rival: 1005 - 8
==================================================
Longest Game: 372
==================================================

0 1 2 3 4 5 6 7 8 9 10 11 

==================================================
Generation 18 Results
--------------------------------------------------
   137    345    329    428    512
   139    345    329    428    502
   148    345    329    428    502
   139    345    329    428    464
   139    345    329    428    464
   137    345    329    428    464
   134    376    329    428    492
   135    345    329    428    492
   139    345    329    428    464
   135    235    329    428    464
   135    345    329    428    464
   139    328    322    440    464
==================================================
2020-08-02 01:06:03.364
The Next Generation:
==================================================
   139    345    329    428    497
   135    345    329    428    464
   139    345    329    428    464
   139    345    329    428    464
   135    335    329    428    464
   139    345    329    428    542
   137    276    329    428    512
   139    345    322    428    464
   139    235    329    428    464
   137    345    329    428    512
   139    345    329    428    464
   139    345    329    428    512
Current Champion (18):
   137    345    329    428    512
Average:
   138    329    328    428    485 
--------------------------------------------------
Challenger versus Rival: 1002 - 13
==================================================
Longest Game: 372
==================================================

0 1 2 3 4 5 6 7 8 9 10 11 

==================================================
Generation 19 Results
--------------------------------------------------
   137    276    329    428    512
   139    345    329    428    542
   137    345    329    428    512
   139    235    329    428    464
   139    345    329    428    464
   135    335    329    428    464
   139    345    322    428    464
   139    345    329    428    512
   135    345    329    428    464
   139    345    329    428    497
   139    345    329    428    464
   139    345    329    428    464
==================================================
2020-08-02 01:09:07.274
The Next Generation:
==================================================
   137    345    329    428    512
   139    276    335    428    512
   137    345    329    428    464
   135    335    329    428    464
   139    235    329    428    464
   139    345    329    428    464
   135    386    329    428    464
   135    335    329    428    464
   137    345    329    428    512
   139    345    329    428    464
   135    265    329    428    464
   137    345    326    428    512
Current Champion (19):
   137    276    329    428    512
Average:
   137    325    329    428    480 
--------------------------------------------------
Challenger versus Rival: 1002 - 13
==================================================
Longest Game: 372
==================================================

0 1 2 3 4 5 6 7 8 9 10 11 

==================================================
Generation 20 Results
--------------------------------------------------
   137    345    329    428    512
   135    265    329    428    464
   139    345    329    428    464
   137    345    329    428    464
   137    345    329    428    512
   135    386    329    428    464
   139    276    335    428    512
   135    335    329    428    464
   139    345    329    428    464
   139    235    329    428    464
   135    335    329    428    464
   137    345    326    428    512
==================================================
2020-08-02 01:12:08.538
The Next Generation:
==================================================
   129    265    329    428    512
   139    235    329    428    468
   135    386    329    428    464
   139    345    329    428    512
   139    235    329    428    451
   137    345    329    428    464
   135    345    329    428    464
   139    276    329    428    512
   139    335    329    428    464
   139    345    329    428    473
   137    265    329    428    464
   139    345    329    428    464
Current Champion (20):
   137    345    329    428    512
Average:
   137    310    329    428    476 
--------------------------------------------------
Challenger versus Rival: 1002 - 12
==================================================
Longest Game: 372
==================================================

0 1 2 3 4 5 6 7 8 9 10 11 

==================================================
Generation 21 Results
--------------------------------------------------
   139    235    329    428    451
   129    265    329    428    512
   139    345    329    428    473
   139    335    329    428    464
   139    345    329    428    464
   137    345    329    428    464
   139    345    329    428    512
   135    386    329    428    464
   135    345    329    428    464
   139    276    329    428    512
   137    265    329    428    464
   139    235    329    428    468
==================================================
2020-08-02 01:14:41.440
The Next Generation:
==================================================
   139    235    329    428    512
   139    235    329    428    512
   139    345    329    428    512
   139    345    329    428    512
   139    235    329    428    446
   135    345    329    428    464
   139    235    329    428    464
   129    235    329    428    512
   135    345    329    428    464
   135    345    329    428    512
   137    345    342    428    464
   137    345    329    407    464
Current Champion (21):
   139    235    329    428    451
Average:
   136    299    330    426    486 
--------------------------------------------------
Challenger versus Rival: 1005 - 8
==================================================
Longest Game: 372
==================================================

0 1 2 3 4 5 6 7 8 9 10 11 

==================================================
Generation 22 Results
--------------------------------------------------
   139    235    329    428    512
   139    345    329    428    512
   139    235    329    428    464
   139    345    329    428    512
   139    235    329    428    446
   137    345    342    428    464
   135    345    329    428    464
   129    235    329    428    512
   139    235    329    428    512
   135    345    329    428    512
   135    345    329    428    464
   137    345    329    407    464
==================================================
2020-08-02 01:18:36.323
The Next Generation:
==================================================
   137    235    342    428    468
   139    235    329    428    512
   139    345    329    428    512
   139    235    316    428    512
   139    235    329    407    464
   129    235    329    428    512
   137    235    329    428    464
   135    345    332    428    487
   139    345    329    428    464
   139    345    329    428    512
   135    345    329    428    512
   135    345    329    428    512
Current Champion (22):
   139    235    329    428    512
Average:
   136    290    329    426    494 
--------------------------------------------------
Challenger versus Rival: 1002 - 12
==================================================
Longest Game: 372
==================================================

0 1 2 3 4 5 6 7 8 9 10 11 

==================================================
Generation 23 Results
--------------------------------------------------
   139    345    329    428    512
   139    235    316    428    512
   139    235    329    407    464
   135    345    329    428    512
   139    235    329    428    512
   139    345    329    428    512
   129    235    329    428    512
   135    345    329    428    512
   135    345    332    428    487
   137    235    329    428    464
   139    345    329    428    464
   137    235    342    428    468
==================================================
2020-08-02 01:21:20.918
The Next Generation:
==================================================
   137    345    329    428    512
   139    345    329    428    512
   135    235    329    428    464
   135    235    332    428    487
   139    235    329    428    512
   139    235    329    407    464
   139    235    316    428    512
   139    345    316    428    512
   135    345    329    428    512
   139    235    332    428    512
   139    235    329    407    542
   135    235    348    428    512
Current Champion (23):
   139    345    329    428    512
Average:
   137    271    328    424    504 
--------------------------------------------------
Challenger versus Rival: 1003 - 11
==================================================
Longest Game: 372
==================================================

0 1 2 3 4 5 6 7 8 9 10 11 

==================================================
Generation 24 Results
--------------------------------------------------
   139    235    332    428    512
   135    235    348    428    512
   137    345    329    428    512
   139    235    316    428    512
   135    345    329    428    512
   139    345    316    428    512
   135    235    329    428    464
   139    235    329    428    512
   135    235    332    428    487
   139    235    329    407    542
   139    345    329    428    512
   139    235    329    407    464
==================================================
2020-08-02 01:24:30.401
The Next Generation:
==================================================
   135    235    329    428    542
   135    235    329    428    542
   137    345    329    390    512
   135    345    329    428    512
   135    345    329    428    464
   139    235    329    407    542
   139    235    329    407    542
   139    345    348    428    512
   139    345    329    428    512
   139    345    329    428    512
   139    235    332    428    512
   139    235    316    428    512
Current Champion (24):
   139    235    332    428    512
Average:
   137    290    329    421    518 
--------------------------------------------------
Challenger versus Rival: 1004 - 10
==================================================
Longest Game: 372
==================================================

0 1 2 3 4 5 6 7 8 9 10 11 

==================================================
Generation 25 Results
--------------------------------------------------
   139    235    316    428    512
   135    345    329    428    512
   135    235    329    428    542
   139    345    329    428    512
   135    345    329    428    464
   137    345    329    390    512
   139    235    329    407    542
   139    235    329    407    542
   135    235    329    428    542
   139    345    348    428    512
   139    235    332    428    512
   139    345    329    428    512
==================================================
2020-08-02 01:27:52.380
The Next Generation:
==================================================
   139    345    348    428    512
   139    235    329    431    522
   139    235    316    428    512
   135    345    316    428    512
   139    235    329    428    512
   139    235    329    428    542
   131    345    329    390    464
   135    345    329    428    464
   143    235    316    428    512
   162    246    329    428    542
   135    345    329    407    512
   135    235    329    428    542
Current Champion (25):
   139    235    316    428    512
Average:
   139    281    327    423    512 
--------------------------------------------------
Challenger versus Rival: 1003 - 12
==================================================
Longest Game: 372
==================================================

0 1 2 3 4 5 6 7 8 9 10 11 

==================================================
Generation 26 Results
--------------------------------------------------
   135    345    329    407    512
   135    345    316    428    512
   139    235    329    431    522
   139    345    348    428    512
   139    235    316    428    512
   139    235    329    428    542
   135    345    329    428    464
   143    235    316    428    512
   135    235    329    428    542
   139    235    329    428    512
   162    246    329    428    542
   131    345    329    390    464
==================================================
2020-08-02 01:30:36.232
The Next Generation:
==================================================
   135    345    329    431    522
   135    235    316    428    487
   131    345    329    407    464
   134    345    329    407    512
   139    235    332    390    522
   135    345    316    428    512
   135    345    316    407    512
   143    235    316    428    512
   139    246    329    428    542
   135    345    329    407    512
   135    345    329    428    502
   143    226    329    428    512
Current Champion (26):
   135    345    329    407    512
Average:
   136    299    324    418    509 
--------------------------------------------------
Challenger versus Rival: 1003 - 10
==================================================
Longest Game: 372
==================================================

0 1 2 3 4 5 6 7 8 9 10 11 

==================================================
Generation 27 Results
--------------------------------------------------
   135    345    329    407    512
   139    235    332    390    522
   135    345    316    407    512
   139    246    329    428    542
   135    235    316    428    487
   135    345    329    431    522
   131    345    329    407    464
   134    345    329    407    512
   143    235    316    428    512
   135    345    316    428    512
   135    345    329    428    502
   143    226    329    428    512
==================================================
2020-08-02 01:33:34.793
The Next Generation:
==================================================
   131    345    329    428    464
   135    235    316    407    512
   139    235    316    390    507
   143    345    316    428    512
