Piece Value GA Results
7 6 0 1 10 5 9 2 3 11 4 8 

==================================================
Generation 0 Results
==================================================
   233    245    344    112    398
   441    242     97    244    320
   522    345     91    418    503
   313    192    380    156    532
   158    302    344    344    112
   135    511    471    406     88
   150    450    130    418    117
   141    428    329    428    483
   283    530    495    267    373
    73    173    374    135    420
   298    271     52    208    373
   414    315    276    200    413
==================================================
2020-08-01 12:57:32.810
The Next Generation:
==================================================
   135    511    471    406     88
   313    192    380    156    532
   135    511    471    406     88
   313    192    380    156    532
   135    511    471    406     88
   522    345     91    418    503
   283    530    495    267    373
   158    302    344    344    112
   522    345     91    418    503
   150    450    130    418    117
   522    345     91    418    503
   233    245    344    112    398
Current Champion (0):
   233    245    344    112    398
Average:
   285    373    313    327    319 
Longest Game: 194
==================================================

7 3 1 5 0 2 4 6 8 10 9 11 

==================================================
Generation 1 Results
==================================================
   522    345     91    418    503
   135    511    471    406     88
   283    530    495    267    373
   150    450    130    418    117
   135    511    471    406     88
   313    192    380    156    532
   135    511    471    406     88
   313    192    380    156    532
   522    345     91    418    503
   522    345     91    418    503
   158    302    344    344    112
   233    245    344    112    398
==================================================
2020-08-01 12:57:56.379
The Next Generation:
==================================================
   522    345     91    418    503
   522    345     91    418    503
   135    511    471    406     88
   522    345     91    418    503
   522    345     91    418    503
   313    192    380    156    532
   283    530    495    267    373
   135    511    471    406     88
   522    345     91    418    503
   313    192    380    156    532
   522    345     91    418    503
   283    530    495    267    373
Current Champion (1):
   522    345     91    418    503
Average:
   382    378    269    347    417 
Longest Game: 194
==================================================

7 3 4 5 0 6 10 8 1 9 2 11 

==================================================
Generation 2 Results
==================================================
   283    530    495    267    373
   522    345     91    418    503
   313    192    380    156    532
   522    345     91    418    503
   522    345     91    418    503
   135    511    471    406     88
   522    345     91    418    503
   522    345     91    418    503
   522    345     91    418    503
   135    511    471    406     88
   313    192    380    156    532
   283    530    495    267    373
==================================================
2020-08-01 12:58:19.101
The Next Generation:
==================================================
   522    345     91    418    503
   522    345     91    418    503
   313    192    380    156    532
   135    511    471    406     88
   283    530    495    267    373
   313    192    380    156    532
   283    530    495    267    373
   522    345     91    418    503
   135    511    471    406     88
   522    345     91    418    503
   283    530    495    267    373
   522    345     91    418    503
Current Champion (2):
   283    530    495    267    373
Average:
   362    393    303    334    406 
Longest Game: 201
==================================================

7 3 9 10 1 6 5 4 0 11 8 