Piece Value GA Results
26 36 7 21 25 1 23 4 2 28 24 29 10 22 5 34 9 31 32 20 27 35 0 38 11 17 12 33 6 8 30 16 37 15 19 14 39 13 3 18 

==================================================
Generation 0 Results
==================================================
   140    404    442    440     93
   441    242     97    244    320
   298    271     52    208    373
   480    274    474    165    495
   526    208    442    316    524
   296    199    410    118    331
   411    319    532    487    485
   423    194     78     63    225
   156    162    445    277     81
   541     69    152    368    370
   237    400     64    325    505
   428    308    156    353    352
   443    118    430    406    176
   378    106     87    190    456
   381    354    293    330    233
   178    428    497    281    217
   135    511    471    406     88
   192    437    447    312    149
   414    133    342    104    333
   319    440    345    423    137
   383    401    307    207    378
   233    245    344    112    398
   414    315    276    200    413
   522    345     91    418    503
   283    530    495    267    373
   293    468    323     58     60
   535    261    403    166    403
   224    338    427    335    290
   313    192    380    156    532
   150    450    130    418    117
   158    302    344    344    112
   111    109    466    289    364
   533    226    459    177    211
   488    532    504    393    373
   352    431    523    194    133
   141    428    329    428    483
   131    311     99    291    540
    73    173    374    135    420
   116    231    357     91    486
   310    151    356     89     79
==================================================
2020-07-31 22:53:12.806
The Next Generation:
==================================================
   298    271     53    210    373
   228    400     64    325    500
   237    420     64    331    505
   293    468    326     58     60
   375    106     87    190    456
   381    354    293    327    233
   298    279     52    208    373
   541     69    152    365    370
   423    194     78     62    223
   224    325    435    348    290
   116    237    357     91    486
   372    401    307    207    378
   295    468    323     58     60
   533    226    468    176    211
   441    249     97    244    320
   137    511    475    406     89
   319    462    345    423    141
   443    118    430    406    173
   313    192    380    156    532
   301    185    380    157    532
   313    201    380    156    532
   443    116    430    406    176
   443    118    430    386    173
   535    261    403    166    391
   480    274    474    165    495
   403    319    532    487    485
    73    173    360    135    420
   488    532    494    393    373
   411    319    542    511    485
   312    271     52    208    373
   296    199    402    118    331
   488    532    504    378    373
   480    274    474    165    495
   228    338    427    335    304
   141    428    335    416    483
   283    530    495    267    373
   237    400     64    328    505
   414    315    276    200    413
   441    242     97    244    320
   192    437    447    321    149
Current Champion (0):
   140    404    442    440     93
Average:
   341    305    319    263    348 
Longest Game: 260
==================================================

26 12 32 6 36 31 30 38 35 2 37 39 22 8 5 9 34 28 25 21 17 11 29 27 33 7 1 24 3 4 16 14 23 0 19 10 20 13 18 15 

==================================================
Generation 1 Results
==================================================
   141    428    335    416    483
   228    400     64    325    500
   298    279     52    208    373
   313    201    380    156    532
   375    106     87    190    456
   296    199    402    118    331
   116    237    357     91    486
   301    185    380    157    532
   381    354    293    327    233
   224    325    435    348    290
   443    118    430    406    173
   237    400     64    328    505
   192    437    447    321    149
   137    511    475    406     89
   319    462    345    423    141
   312    271     52    208    373
   414    315    276    200    413
   533    226    468    176    211
   237    420     64    331    505
   372    401    307    207    378
   480    274    474    165    495
   443    116    430    406    176
   488    532    504    378    373
   411    319    542    511    485
   228    338    427    335    304
   293    468    326     58     60
    73    173    360    135    420
   488    532    494    393    373
   441    249     97    244    320
   443    118    430    386    173
   403    319    532    487    485
   423    194     78     62    223
   441    242     97    244    320
   298    271     53    210    373
   535    261    403    166    391
   480    274    474    165    495
   541     69    152    365    370
   313    192    380    156    532
   283    530    495    267    373
   295    468    323     58     60
==================================================
2020-07-31 22:54:33.025
The Next Generation:
==================================================
   283    551    495    267    373
   411    194     78     62    223
   411    319    542    511    485
   379    401    307    207    378
   313    201    380    156    532
   533    226    468    181    211
   291    199    402    116    334
   313    201    380    160    527
   313    209    380    156    532
   237    420     67    315    505
   141    420    345    420    483
   141    420    335    424    487
   441    235     97    244    326
   295    468    335     58     60
   293    468    326     57     60
   443    118    430    406    173
   441    242     97    244    336
   354    401    307    205    381
   106    237    360     91    486
   443    118    442    406    173
   228    400     63    325    500
   237    400     64    328    505
   541     69    152    365    370
   284    284     52    208    373
   282    199    422    118    331
   357    106     87    197    456
   378    354    293    327    233
   499    274    474    159    495
   313    201    380    156    532
   488    532    475    393    373
   499    264    474    173    495
   237    400     64    328    505
   443    118    430    386    173
   228    400     64    325    510
   295    468    323     58     60
   441    242     97    232    320
   441    249     97    244    320
   441    245     96    235    320
   441    249     97    244    320
   484    532    494    393    373
Current Champion (1):
   141    428    335    416    483
Average:
   353    300    281    247    365 
Longest Game: 268
==================================================

26 12 6 16 17 15 2 1 4 19 10 11 14 18 0 36 8 3 7 5 9 13 32 34 28 31 38 35 25 30 29 37 22 39 27 24 21 33 23 20 

==================================================
Generation 2 Results
==================================================
   533    226    468    181    211
   141    420    335    424    487
   313    201    380    160    527
   378    354    293    327    233
   441    245     96    235    320
   541     69    152    365    370
   313    201    380    156    532
   499    264    474    173    495
   443    118    430    386    173
   354    401    307    205    381
   357    106     87    197    456
   484    532    494    393    373
   283    551    495    267    373
   499    274    474    159    495
   411    319    542    511    485
   293    468    326     57     60
   441    242     97    232    320
   237    400     64    328    505
   488    532    475    393    373
   411    194     78     62    223
   443    118    430    406    173
   237    400     64    328    505
   284    284     52    208    373
   282    199    422    118    331
   228    400     63    325    500
   313    201    380    156    532
   441    235     97    244    326
   443    118    442    406    173
   441    249     97    244    320
   291    199    402    116    334
   295    468    335     58     60
   379    401    307    207    378
   441    242     97    244    336
   441    249     97    244    320
   141    420    345    420    483
   106    237    360     91    486
   228    400     64    325    510
   295    468    323     58     60
   313    209    380    156    532
   237    420     67    315    505
==================================================
2020-07-31 22:55:56.758
The Next Generation:
==================================================
   378    337    293    327    233
   283    551    495    259    373
   378    368    293    327    233
   282    200    406    118    331
   443    118    430    406    173
   237    420     67    315    485
   284    284     52    208    373
   364    106     87    197    456
   443    118    430    367    173
   313    201    373    156    547
   282    196    422    118    331
   293    482    326     59     60
   533    217    472    181    211
   106    244    370     91    486
   228    400     63    325    500
   274    199    434    113    331
   441    235     93    244    326
   284    284     52    208    373
   313    209    380    156    532
   541     69    152    365    370
   437    251     97    228    308
   357    106     87    197    456
   475    264    474    173    486
   411    194     79     62    223
   293    468    326     57     60
   237    420     70    321    505
   230    400     64    328    515
   533    226    468    181    211
   484    532    494    393    380
   368    401    307    205    392
   354    401    307    205    381
   284    284     52    208    373
   313    201    380    156    532
   291    199    410    116    334
   533    226    468    181    211
   443    118    442    422    172
   313    173    380    156    547
   443    118    430    406    173
   295    464    338     58     60
   106    237    360     91    486
Current Champion (2):
   533    226    468    181    211
Average:
   347    273    293    217    342 
Longest Game: 268
==================================================

26 36 12 22 27 21 34 20 11 32 17 23 39 10 6 31 13 14 5 15 19 8 16 33 30 2 18 7 35 28 24 37 29 38 9 25 1 0 4 3 

==================================================
Generation 3 Results
==================================================
   282    196    422    118    331
   237    420     70    321    505
   443    118    442    422    172
   283    551    495    259    373
   443    118    430    406    173
   378    368    293    327    233
   475    264    474    173    486
   533    226    468    181    211
   284    284     52    208    373
   533    217    472    181    211
   437    251     97    228    308
   230    400     64    328    515
   441    235     93    244    326
   293    468    326     57     60
   364    106     87    197    456
   106    244    370     91    486
   313    201    380    156    532
   484    532    494    393    380
   368    401    307    205    392
   533    226    468    181    211
   313    209    380    156    532
   443    118    430    406    173
   293    482    326     59     60
   354    401    307    205    381
   378    337    293    327    233
   443    118    430    367    173
   313    201    373    156    547
   411    194     79     62    223
   291    199    410    116    334
   295    464    338     58     60
   237    420     67    315    485
   274    199    434    113    331
   284    284     52    208    373
   106    237    360     91    486
   228    400     63    325    500
   284    284     52    208    373
   357    106     87    197    456
   282    200    406    118    331
   313    173    380    156    547
   541     69    152    365    370
==================================================
2020-07-31 22:57:21.138
The Next Generation:
==================================================
   533    217    472    190    201
   465    118    430    406    173
   293    468    326     57     57
   443    118    455    422    172
   430    118    430    418    173
   282    200    406    118    331
   443    118    450    422    172
   282    192    406    113    331
   357    106     87    197    456
   284    292     52    208    373
   284    284     52    208    373
   107    237    370     87    486
   475    264    474    173    486
   230    400     64    328    515
   443    115    442    422    166
   396    340    293    327    233
   443    119    430    406    173
   475    264    474    173    486
   274    199    455    110    328
   106    237    360     91    486
   435    119    430    367    173
   283    551    486    259    370
   441    233     93    244    326
   293    468    326     57     60
   293    482    326     59     59
   443    118    442    414    172
   437    251     97    228    308
   357    106     75    197    456
   371    368    293    343    233
   280    199    402    120    334
   533    226    482    181    211
   237    420     70    321    505
   443    118    430    378    173
   284    284     52    198    373
   443    118    430    406    173
   293    482    326     59     60
   368    401    316    205    392
   230    400     64    328    495
   284    282     52    208    373
   111    237    377     91    462
Current Champion (3):
   282    196    422    118    331
Average:
   347    256    312    238    296 
Longest Game: 294
==================================================

26 36 12 2 32 19 17 22 16 15 5 28 34 8 31 27 25 37 4 38 6 1 18 0 29 30 35 21 24 23 7 33 3 39 20 11 9 14 13 10 

==================================================
Generation 4 Results
==================================================
   475    264    474    173    486
   441    233     93    244    326
   107    237    370     87    486
   443    115    442    422    166
   475    264    474    173    486
   443    118    455    422    172
   283    551    486    259    370
   230    400     64    328    515
   284    292     52    208    373
   284    284     52    208    373
   533    226    482    181    211
   368    401    316    205    392
   293    468    326     57     60
   274    199    455    110    328
   437    251     97    228    308
   282    192    406    113    331
   237    420     70    321    505
   443    118    430    406    173
   293    482    326     59     60
   465    118    430    406    173
   357    106     87    197    456
   106    237    360     91    486
   443    118    442    414    172
   357    106     75    197    456
   280    199    402    120    334
   284    284     52    198    373
   282    200    406    118    331
   443    118    450    422    172
   371    368    293    343    233
   430    118    430    418    173
   443    119    430    406    173
   435    119    430    367    173
   533    217    472    190    201
   284    282     52    208    373
   293    482    326     59     59
   443    118    430    378    173
   111    237    377     91    462
   230    400     64    328    495
   293    468    326     57     57
   396    340    293    327    233
==================================================
2020-07-31 22:58:42.217
The Next Generation:
==================================================
   230    400     64    344    515
   443    118    430    406    168
   293    482    326     59     60
   371    368    301    343    189
   450    251     97    222    296
   284    292     52    200    373
   554    226    482    181    211
   475    264    470    173    486
   284    284     52    208    373
   559    217    472    190    201
   282    200    406    118    331
   475    257    474    173    482
   435    119    430    385    173
   284    293     52    208    373
   293    478    323     59     59
   357    106     87    202    456
   282    200    406    118    331
   443    118    459    426    172
   230    400     65    328    486
   430    118    422    418    178
   293    468    326     57     57
   443    119    430    414    178
   443    119    430    386    173
   512    222    482    181    211
   433    235     93    244    326
   293    468    326     57     60
   357    106     87    197    456
   107    241    370     87    486
   293    468    326     56     60
   284    284     52    212    373
   293    491    326     57     60
   430    116    450    422    172
   533    224    473    181    211
   478    118    430    406    173
   357    106     75    197    456
   533    217    472    190    209
   274    199    455    110    328
   463    233     93    242    326
   443    118    455    422    172
   284    284     52    201    355
Current Champion (4):
   475    264    474    173    486
Average:
   375    250    301    227    268 
Longest Game: 294
==================================================

26 36 6 17 11 10 2 16 14 19 15 13 31 34 38 7 37 8 9 12 1 25 39 22 5 0 4 21 32 18 30 33 35 28 24 23 20 3 27 29 

==================================================
Generation 5 Results
==================================================
   463    233     93    242    326
   230    400     65    328    486
   559    217    472    190    201
   443    119    430    414    178
   533    217    472    190    209
   293    468    326     56     60
   357    106     75    197    456
   443    118    455    422    172
   284    284     52    201    355
   478    118    430    406    173
   371    368    301    343    189
   475    264    470    173    486
   282    200    406    118    331
   230    400     64    344    515
   443    118    430    406    168
   284    292     52    200    373
   430    118    422    418    178
   433    235     93    244    326
   430    116    450    422    172
   274    199    455    110    328
   284    293     52    208    373
   293    468    326     57     60
   357    106     87    197    456
   293    482    326     59     60
   284    284     52    208    373
   443    119    430    386    173
   533    224    473    181    211
   554    226    482    181    211
   475    257    474    173    482
   293    468    326     57     57
   284    284     52    212    373
   282    200    406    118    331
   512    222    482    181    211
   293    491    326     57     60
   450    251     97    222    296
   293    478    323     59     59
   435    119    430    385    173
   107    241    370     87    486
   357    106     87    202    456
   443    118    459    426    172
==================================================
2020-07-31 23:00:05.179
The Next Generation:
==================================================
   293    501    326     59     59
   464    118    430    390    176
   290    200    406    121    331
   274    199    455    107    337
   357    111     75    202    456
   354    106     72    197    456
   284    284     52    212    373
   270    284     50    208    373
   475    257    488    181    473
   533    217    472    190    207
   357    106     84    202    447
   282    200    406    118    331
   443    123    430    390    168
   443    118    455    422    172
   371    368    337    346    189
   293    468    326     56     60
   274    199    451    110    328
   442    116    450    422    172
   430    116    531    422    172
   371    368    289    343    189
   463    233     93    242    326
   533    217    472    191    199
   478    118    430    446    173
   343    106     75    197    443
   296    200    406    118    315
   304    478    323     61     59
   292    284     52    201    355
   284    292     51    200    373
   230    400     64    344    520
   443    119    430    397    173
   554    226    491    181    211
   371    368    301    343    189
   475    262    470    173    486
   274    199    455    106    328
   475    264    470    173    486
   459    251     98    222    296
   478    113    447    406    173
   425    246     93    246    326
   357    106     75    202    469
   478    118    430    406    173
Current Champion (5):
   463    233     93    242    326
Average:
   382    226    307    238    288 
Longest Game: 294
==================================================

26 12 36 17 21 6 11 22 32 5 27 23 14 38 31 37 19 24 9 35 7 8 34 13 28 18 33 16 30 1 25 29 10 20 15 4 2 39 3 0 

==================================================
Generation 6 Results
==================================================
   230    400     64    344    520
   533    217    472    190    207
   290    200    406    121    331
   270    284     50    208    373
   533    217    472    191    199
   371    368    301    343    189
   371    368    289    343    189
   292    284     52    201    355
   459    251     98    222    296
   442    116    450    422    172
   443    119    430    397    173
   554    226    491    181    211
   284    292     51    200    373
   425    246     93    246    326
   475    264    470    173    486
   293    501    326     59     59
   357    111     75    202    456
   357    106     84    202    447
   274    199    455    107    337
   354    106     72    197    456
   284    284     52    212    373
   274    199    455    106    328
   475    257    488    181    473
   282    200    406    118    331
   463    233     93    242    326
   478    118    430    446    173
   296    200    406    118    315
   464    118    430    390    176
   304    478    323     61     59
   371    368    337    346    189
   478    113    447    406    173
   478    118    430    406    173
   430    116    531    422    172
   475    262    470    173    486
   443    118    455    422    172
   343    106     75    197    443
   443    123    430    390    168
   274    199    451    110    328
   293    468    326     56     60
   357    106     75    202    469
==================================================
2020-07-31 23:01:30.051
The Next Generation:
==================================================
   464    118    430    390    176
   478    123    430    446    173
   430    116    531    422    172
   343    106     75    200    421
   279    481    339     59     59
   446    118    430    390    169
   472    256     98    211    296
   443    119    430    400    173
   286    292     51    200    362
   343    107     75    197    443
   274    199    455    110    337
   284    273     52    212    373
   284    292     52    190    373
   478    118    430    446    168
   371    368    289    343    189
   292    284     52    201    355
   533    217    472    191    199
   293    501    326     59     57
   371    368    337    346    192
   533    217    476    191    199
   293    464    326     56     60
   296    200    406    118    315
   554    226    491    181    211
   357    106     75    202    469
   404    246     93    246    329
   274    199    455    107    331
   475    262    470    168    486
   292    273     52    201    355
   274    199    455    101    328
   354    106     72    197    456
   230    400     64    344    515
   292    284     52    205    338
   461    262    470    179    486
   282    204    406    118    331
   451    127    430    390    168
   385    368    301    343    189
   274    199    455    103    327
   274    199    437    107    337
   357    116     75    202    456
   293    501    326     59     59
Current Champion (6):
   230    400     64    344    520
Average:
   364    240    293    220    285 
Longest Game: 294
==================================================

26 12 22 36 25 28 2 8 21 6 24 5 32 31 17 4 1 20 35 34 19 14 23 13 7 18 30 27 0 38 11 3 16 15 37 10 29 39 9 33 

==================================================
Generation 7 Results
==================================================
   446    118    430    390    169
   461    262    470    179    486
   451    127    430    390    168
   443    119    430    400    173
   274    199    455    107    331
   464    118    430    390    176
   286    292     51    200    362
   284    273     52    212    373
   533    217    476    191    199
   293    501    326     59     57
   354    106     72    197    456
   357    116     75    202    456
   371    368    289    343    189
   293    501    326     59     59
   274    199    455    103    327
   296    200    406    118    315
   430    116    531    422    172
   478    118    430    446    168
   357    106     75    202    469
   478    123    430    446    173
   472    256     98    211    296
   371    368    337    346    192
   343    107     75    197    443
   274    199    455    101    328
   385    368    301    343    189
   475    262    470    168    486
   230    400     64    344    515
   282    204    406    118    331
   292    284     52    201    355
   279    481    339     59     59
   533    217    472    191    199
   293    464    326     56     60
   292    284     52    205    338
   343    106     75    200    421
   284    292     52    190    373
   292    273     52    201    355
   404    246     93    246    329
   274    199    455    110    337
   554    226    491    181    211
   274    199    437    107    337
==================================================
2020-07-31 23:02:51.780
The Next Generation:
==================================================
   451    127    426    390    168
   284    204    406    113    331
   284    204    406    117    331
   357    106     75    202    469
   478    118    430    446    168
   371    354    337    346    192
   307    501    313     57     57
   296    200    406    118    315
   433    121    430    379    169
   478    115    418    446    169
   293    501    326     60     57
   475    262    470    163    486
   426    124    430    416    173
   264    199    433    110    337
   430    116    531    430    172
   528    213    495    191    208
   429    127    430    390    168
   533    217    472    191    199
   464    118    430    397    176
   404    246     93    246    329
   461    262    470    187    486
   469    127    430    379    168
   461    264    470    184    486
   296    200    422    118    315
   478    118    430    446    168
   490    256     94    219    296
   554    217    486    191    199
   292    273     52    201    369
   274    199    473    106    334
   533    215    476    191    208
   464    118    447    390    176
   292    279     52    205    338
   533    217    472    186    199
   385    404    289    343    189
   274    199    455    110    337
   533    217    476    188    199
   292    273     52    201    355
   451    127    426    390    168
   461    267    493    179    486
   371    368    337    349    192
Current Champion (7):
   446    118    430    390    169
Average:
   408    219    376    249    258 
Longest Game: 294
==================================================

26 12 36 28 22 24 21 34 32 38 35 37 31 30 29 33 27 23 25 20 39 6 2 8 1 17 7 16 19 5 15 18 11 14 10 4 3 13 9 0 

==================================================
Generation 8 Results
==================================================
   357    106     75    202    469
   371    354    337    346    192
   533    215    476    191    208
   430    116    531    430    172
   478    118    430    446    168
   478    118    430    446    168
   307    501    313     57     57
   533    217    476    188    199
   490    256     94    219    296
   533    217    472    191    199
   461    267    493    179    486
   284    204    406    117    331
   292    279     52    205    338
   371    368    337    349    192
   461    264    470    184    486
   296    200    422    118    315
   292    273     52    201    355
   478    115    418    446    169
   404    246     93    246    329
   429    127    430    390    168
   554    217    486    191    199
   433    121    430    379    169
   475    262    470    163    486
   426    124    430    416    173
   469    127    430    379    168
   533    217    472    186    199
   528    213    495    191    208
   461    262    470    187    486
   293    501    326     60     57
   385    404    289    343    189
   451    127    426    390    168
   284    204    406    113    331
   274    199    473    106    334
   464    118    447    390    176
   296    200    406    118    315
   264    199    433    110    337
   274    199    455    110    337
   464    118    430    397    176
   292    273     52    201    369
   451    127    426    390    168
==================================================
2020-07-31 23:04:15.880
The Next Generation:
==================================================
   528    213    495    191    208
   494    256     94    219    296
   448    262    474    180    486
   287    283     52    201    355
   513    207    495    191    208
   451    127    426    390    168
   528    213    495    191    204
   284    200    437    110    337
   430    112    531    442    172
   442    132    426    390    176
   464    123    447    390    176
   294    200    386    118    315
   538    217    472    191    199
   293    496    326     62     57
   461    272    470    187    486
   478    116    418    446    169
   533    217    472    186    199
   528    213    495    191    208
   554    217    486    191    199
   426    124    430    416    176
   533    217    481    186    208
   274    208    473    106    334
   292    273     52    201    369
   293    501    326     59     57
   430    116    531    430    177
   426    124    430    416    170
   274    199    473    106    334
   490    256     94    219    296
   533    217    472    191    206
   533    217    472    186    204
   478    122    430    446    168
   538    213    495    191    208
   528    213    519    191    208
   385    404    289    343    189
   533    217    472    191    199
   405    120    430    416    173
   404    246     92    253    323
   307    501    313     57     57
   478    123    430    459    168
   464    116    447    390    173
Current Champion (8):
   357    106     75    202    469
Average:
   439    220    401    248    225 
Longest Game: 294
==================================================

26 12 6 17 14 11 2 0 1 16 4 5 13 8 19 9 36 18 7 32 3 35 25 38 28 15 21 27 10 24 22 37 29 