Piece Value GA Results3 0 4 1 5 2 ==================================================
Generation 0 Results
==================================================
   414    315    276    200    413
   441    242     97    244    320
   522    345     91    418    503
   141    428    329    428    483
   233    245    344    112    398
   135    511    471    406     88
==================================================
2020-07-31 23:44:45.989
The Next Generation:
==================================================
   143    416    329    428    507
   143    428    329    428    483
   155    511    471    406     88
   139    428    338    428    483
   140    511    471    406     88
   141    428    329    428    483
Current Champion (0):
   414    315    276    200    413
Average:
   143   453   377   420   355Longest Game: 188
==================================================
3 1 5 0 4 2 ==================================================
Generation 1 Results
==================================================
   141    428    329    428    483
   139    428    338    428    483
   143    416    329    428    507
   143    428    329    428    483
   155    511    471    406     88
   140    511    471    406     88
==================================================
2020-07-31 23:44:57.376
The Next Generation:
==================================================
   143    428    329    428    497
   143    475    329    428    483
   141    428    329    440    483
   139    420    338    428    483
   143    428    329    428    483
   141    428    313    428    483
Current Champion (1):
   141    428    329    428    483
Average:
   141   434   327   430   485Longest Game: 266
==================================================
3 4 0 2 5 1 ==================================================
Generation 2 Results
==================================================
   141    428    313    428    483
   143    428    329    428    483
   139    420    338    428    483
   143    428    329    428    497
   143    475    329    428    483
   141    428    329    440    483
==================================================
2020-07-31 23:45:09.510
The Next Generation:
==================================================
   141    428    338    428    474
   141    428    338    440    502
   142    428    313    428    483
   143    449    332    416    479
   143    475    329    496    483
   141    428    313    428    483
Current Champion (2):
   141    428    313    428    483
Average:
   141   439   327   439   484Longest Game: 266
==================================================
3 1 5 2 0 4 