Piece Value GA Results
15 18 7 10 19 3 21 23 20 1 6 11 9 2 8 17 5 0 22 4 13 12 14 16 

==================================================
Generation 0 Results
==================================================
   411    319    532    487    485
   319    440    345    423    137
   141    428    329    428    483
   233    245    344    112    398
   414    315    276    200    413
   522    345     91    418    503
    73    173    374    135    420
   443    118    430    406    176
   313    192    380    156    532
   428    308    156    353    352
   383    401    307    207    378
   135    511    471    406     88
   414    133    342    104    333
   158    302    344    344    112
   156    162    445    277     81
   283    530    495    267    373
   192    437    447    312    149
   298    271     52    208    373
   150    450    130    418    117
   293    468    323     58     60
   441    242     97    244    320
   535    261    403    166    403
   378    106     87    190    456
   541     69    152    368    370
==================================================
2020-08-01 13:08:56.393
The Next Generation:
==================================================
   441    315     97    200    413
   435    118    430    406    176
   447    315     52    208    373
   531    535    471    368    373
   135    162    471    406     86
   313    192    374    135    532
   192    118    430    406    149
   411    511    471    478     88
   411    345    532    418    503
   319    133    342    423    137
   319    345     91    423    137
   283    530    344    267    373
   298    271     52    208    359
   522    345     91    156    532
   411    308    156    487    485
   192    437    447    312    176
    73     69    374    135    370
   150    450    276    200    413
   141    245    329    112    483
   443    118    430    406    176
    73    173    156    353    420
   150    450    130    487    117
   313    192    380    166    403
   411    319    532    487    485
Current Champion (0):
   411    319    532    487    485
Average:
   308    291    310    318    323 
Longest Game: 223
==================================================

15 7 3 21 1 19 5 23 18 20 10 6 8 9 0 4 22 17 2 11 13 16 12 14 

==================================================
Generation 1 Results
==================================================
   319    133    342    423    137
   411    308    156    487    485
   411    319    532    487    485
   192    118    430    406    149
   411    511    471    478     88
   150    450    276    200    413
    73    173    156    353    420
   135    162    471    406     86
   447    315     52    208    373
   435    118    430    406    176
   319    345     91    423    137
   298    271     52    208    359
   411    345    532    418    503
   531    535    471    368    373
   192    437    447    312    176
   150    450    130    487    117
   441    315     97    200    413
   283    530    344    267    373
    73     69    374    135    370
   443    118    430    406    176
   313    192    380    166    403
   313    192    374    135    532
   522    345     91    156    532
   141    245    329    112    483
==================================================
2020-08-01 13:12:41.367
The Next Generation:
==================================================
   150    450    130    487    117
   411    173    532    487    485
   411    319    532    487    503
   319    530     82    423    137
   150    450    344    487    117
   522    332     91    478     88
   313    245    329    112    532
   313    192    430    135    149
   522    345     91    156    137
    73    173    156    353    485
   411    511    430    478     88
   435     69    337    135    176
   319    162    342    406    137
   322    192    430    135    149
   135    173    155    353    413
   150    450    471    200     88
   435    118    430    406    149
   491    319    532    487    532
   192    118    156    353    149
   447    315    276    200    413
   192    437    447    312    176
   411    437    447    478    176
   411    192    380    487    403
   135    162    471    368    336
Current Champion (1):
   319    133    342    423    137
Average:
   319    286    334    350    255 
Longest Game: 238
==================================================

15 13 7 17 21 3 10 1 12 19 9 23 14 18 8 16 2 6 5 20 11 22 0 4 

==================================================
Generation 2 Results
==================================================
   411    437    447    478    176
   411    192    380    487    403
   411    319    532    487    503
   150    450    471    200     88
   150    450    130    487    117
   135    162    471    368    336
   491    319    532    487    532
   150    450    344    487    117
    73    173    156    353    485
   411    173    532    487    485
   411    511    430    478     88
   319    162    342    406    137
   135    173    155    353    413
   192    437    447    312    176
   447    315    276    200    413
   319    530     82    423    137
   192    118    156    353    149
   313    245    329    112    532
   522    332     91    478     88
   322    192    430    135    149
   435    118    430    406    149
   435     69    337    135    176
   313    192    430    135    149
   522    345     91    156    137
==================================================
2020-08-01 13:16:33.502
The Next Generation:
==================================================
   192    118    329    353    145
   319    162    471    423    137
   135    162    471    368    336
   135    511    430    353    413
   150    450    344    135    149
   522    345    471    200    137
   150    319    344    487    503
   491    319    532    135    532
   313    173    329    353    532
   491    307     91    487     88
   447    173    276    200    481
   411    173    430    353    413
   447    315    276    200    413
   411    192    380    487    403
   435    118    430    487    149
   411    192    430    478    149
   150    511    130    487     88
   192    437    447    312    176
   512    358    156    353    485
   150    450    344    487    117
   411    437    447    492    176
   319    118    156    406    137
   150    173    532    487    504
   135    319    155    353    503
Current Champion (2):
   411    437    447    478    176
Average:
   311    284    350    369    298 
Longest Game: 249
==================================================

15 0 7 3 1 5 21 2 19 13 4 10 