Piece Value GA Results
7 9 1 2 10 5 4 0 3 11 6 8 

==================================================
Generation 0 Results
==================================================
   441    242     97    244    320
   233    245    344    112    398
   298    271     52    208    373
   141    428    329    428    483
   522    345     91    418    503
   158    302    344    344    112
   414    315    276    200    413
   283    530    495    267    373
   150    450    130    418    117
   313    192    380    156    532
   135    511    471    406     88
    73    173    374    135    420
==================================================
2020-08-01 13:04:01.108
The Next Generation:
==================================================
   158    302    276    344    112
   150    450    130    418    117
   441    242     97    244    373
   227    271    344    208    373
    73    173    374    135    420
   414    315    276    200    413
   135    511    471    208     88
   141    511    361    399    483
   158    302    344    244    112
   441    209     97    244    503
   272    530    495    267    373
   414    315    276    200    413
Current Champion (0):
   441    242     97    244    320
Average:
   252    344    295    259    315 
Longest Game: 207
==================================================

7 8 6 3 10 9 1 5 4 0 2 11 

==================================================
Generation 1 Results
==================================================
   414    315    276    200    413
   414    315    276    200    413
   150    450    130    418    117
    73    173    374    135    420
   441    242     97    244    373
   135    511    471    208     88
   272    530    495    267    373
   227    271    344    208    373
   441    209     97    244    503
   141    511    361    399    483
   158    302    276    344    112
   158    302    344    244    112
==================================================
2020-08-01 13:04:30.249
The Next Generation:
==================================================
   272    530    495    267    373
   410    242    276    244    413
   143    450    471    208     88
   158    302    361    344    483
   227    271    495    208    373
   441    242    344    244    112
   422    330    276    200    373
   414    315    374    135    413
   272    530    471    280     88
   414    511    276    200    413
   135    511    471    399     88
   141    173    361    135    420
Current Champion (1):
   414    315    276    200    413
Average:
   287    367    389    238    303 
Longest Game: 221
==================================================

7 9 3 0 10 6 1 11 2 8 5 4 