Piece Value GA Results3 4 5 1 2 0 ==================================================
Generation 0 Results
==================================================
   141    428    329    428    483
   233    245    344    112    398
   135    511    471    406     88
   522    345     91    418    503
   414    315    276    200    413
   441    242     97    244    320
==================================================
2020-07-31 23:41:27.108
The Next Generation:
==================================================
   430    330    276    206    413
   141    428    329    424    483
   233    245    344    116    395
   141    377    329    428    483
   141    428    329    428    487
   522    345     91    418    508
Current Champion (0):
   141    428    329    428    483
Average:
OptionalDouble[268.0] OptionalDouble[358.8333333333333] OptionalDouble[283.0] OptionalDouble[336.6666666666667] OptionalDouble[461.5] Longest Game: 194
==================================================
3 5 1 2 4 0 ==================================================
Generation 1 Results
==================================================
   141    428    329    424    483
   141    428    329    428    487
   141    377    329    428    483
   522    345     91    418    508
   233    245    344    116    395
   430    330    276    206    413
==================================================
2020-07-31 23:41:35.096
The Next Generation:
==================================================
   148    428    267    428    506
   512    345     91    418    508
   141    428    329    428    487
   141    428    329    428    487
   141    436    329    424    483
   141    411    313    424    483
Current Champion (1):
   141    428    329    424    483
Average:
OptionalDouble[204.0] OptionalDouble[412.6666666666667] OptionalDouble[276.3333333333333] OptionalDouble[425.0] OptionalDouble[492.3333333333333] Longest Game: 194
==================================================
3 1 2 0 5 4 